PairID	GroundTruth	Weight	QCCD	GRCI	CAM	IGCI	IGCI_G	RESIT	RESIT_std
1	1	1	-0.021441442380451	0.0521715247465213	-5.55899196937527	-0.230412968970731	0.0199138157522381	4.22970166511598e-11	4.99303495792061e-11
2	1	1	2.33185936441282e-05	0.00525188874207139	-8.03066411287729	0.190159858668347	-0.115872024383595	0.561683922899891	0.572417006862342
3	-1	1	-0.0233893054235614	0.167045931202889	5.87884226979928	-3.77865051316975	-2.15553225052107	5.21268285294997e-53	2.72458837848548e-51
4	-1	1	-0.0206532212667827	-0.271056667088617	-5.07213871622128	-2.06833861565714	-0.196908905955528	1.63399805304199e-191	7.33972621694184e-189
5	1	1	0.0454342423997465	0.113665505873589	6.47417614757411	1.89476963542695	1.54981524006907	-4.38226364034124e-36	-7.29208784644114e-35
6	1	1	-0.000180596039342173	0.0234876399733359	9.75472461907405	0.0325244169428256	0.00600839521036001	0.810343205259419	0.814500078424216
7	1	1	-0.00054684284574591	0.00634969451897405	-7.99936149915665	0.161185391391049	-0.0244047670739462	0.887205912874412	0.888296262017675
8	-1	1	-0.0842068841137027	-0.12388526147198	-7.11599422716735	-1.69356246692502	-1.41004830779606	1.61339983632092e-116	8.0319142011943e-116
9	1	1	-0.00125643490170912	8.32587540475771e-05	-7.3257473602862	0.151820542949686	-0.115704946480308	0.335317982875694	0.333691671968205
10	-1	1	0.0132681430145745	-0.0224733817664973	5.51516139598457	-0.285772414605333	0.128425692662736	-8.52398098423352e-25	-1.97931789528748e-24
11	1	1	-0.000980940822087106	0.0280922240901127	-7.30540014991082	0.119495823418529	-0.187145538420157	0.950086680341866	0.953466404915113
12	-1	1	0.0780650794018242	-0.179309157201681	5.45278495375286	-0.292949228915656	-0.0924401988066812	9.1492952697943e-49	1.20646065973351e-48
13	-1	1	-0.059193095964087	0.0353426321832497	-5.38349664642318	-3.25381967914107	-2.0453991447011	4.18739331582948e-127	4.95954105199336e-126
14	-1	1	0.00430649763444524	0.0112129033830115	6.06625193033519	-0.311611207352955	0.110261437569761	-1.28863296588151e-28	-1.68312219970862e-28
15	1	1	-0.0208824834389965	0.0607864818590649	-5.38095546119644	-0.14459971917316	-0.0522643815768724	0.891060424591839	0.895364376523798
16	-1	1	-0.0268308947091872	0.0310193907928227	-5.83384467628923	-1.44636100314033	-1.28820097261719	1.25479722947612e-45	9.17205805275136e-46
17	-1	1	-0.0531041441546612	-0.207378668812959	-6.71748456771416	-0.497040237650193	-0.398604971945876	-0.832902888508862	-0.834457876068153
18	1	1	-0.0689810804894911	0.0398481420073811	-5.46680326072819	0.345203822382798	0.183172646048281	-1.25967672614788e-40	-2.03179478129793e-40
19	1	1	0.000331606498390369	0.0197415974097481	-7.21837001690598	0.35091204953387	-0.172407218307692	0.206855240096364	0.204940342766393
20	-1	1	-0.0646066713630278	0.537333900081796	-5.28456759949738	-4.48588356494471	-3.5547409024327	2.27622593237561e-142	6.0470857297691e-136
21	1	1	0.243685935369325	0.546170086569701	8.90790311916628	1.41329998785663	0.929082012922599	2.37455221518058e-84	1.50526598253717e-83
22	-1	1	0.00100046252935271	-0.00626851780915771	7.93261721377337	-0.167535205238998	0.0659854204800236	-0.739202557210495	-0.736481231880631
23	1	1	-0.00419559815937942	0.0108480412697993	-5.91234744186858	0.144976107883174	-0.284129397998935	0.87164798067723	0.864265518736596
24	1	1	0.00774500446347226	0.157697690124586	-6.0143329062049	0.671101031079031	0.222220181385692	-2.20970692221536e-23	-8.71588704507187e-22
25	-1	1	0.00087312977140741	-0.268211241889858	6.86989605762845	-0.482161985400511	-0.121188535458451	8.5753221882657e-85	7.78757960512308e-84
26	-1	1	0.0359865974808204	-0.231057209608903	5.56135937680268	-0.736439789294995	-0.112660482549739	2.89394455596271e-61	2.06510898944547e-60
27	1	1	0.057089677459418	0.148611740166908	5.8714527547433	0.643783292193772	0.0419185298348719	2.23779146480482e-18	2.03686628888582e-18
28	-1	1	0.0162727404076191	-0.243028927699831	5.42239262887503	-0.527901765980328	-0.336010940874303	6.91571499379418e-94	1.46370146890273e-94
29	1	1	-0.00938386581906681	0.0108534426639295	-5.51999259826702	0.668674817502236	0.544334917391659	-1.19703848837967e-33	-2.03320355537914e-34
30	-1	1	0.000839662915790296	-0.0826931003263862	-5.4437364595105	-0.740341640940215	0.271171466315359	-0.517464989201133	-0.51271084790284
31	-1	1	-1.77097307707541e-05	0.000563119737220674	12.8656489359746	0.00640022909835736	-0.00180191035831534	-0.580996519380232	-0.575963149729345
32	1	1	-0.00134218941083986	-0.108296712034498	-5.57886515710976	1.36008319045368	0.884932409736376	-1.03119900231255e-34	-2.18234795564683e-34
33	1	1	-0.00086116052971863	0.00874098825053515	-6.88908387100996	0.266137511969557	-0.105227534128447	2.90918185471103e-33	1.72148944188042e-33
34	-1	1	0.000376870339604318	-0.00125765083951102	10.4321909903707	0.094361779482373	0.0828560652608576	7.61755057809038e-111	2.41201999914347e-111
35	-1	1	-0.122754670055695	-0.192069118746478	-6.05812154537727	-1.79924494526578	-1.09268126040663	1.27511415395563e-222	8.9689113053021e-232
36	1	1	0.0741005250294335	0.215866588617791	6.07824695338931	0.570983690041182	-0.162093802770681	0.288077116347565	0.282111386834938
37	-1	1	9.33385432082545e-05	-0.0160783639652902	9.50761116781205	-0.0359980632188339	0.0679853555137644	-0.991176501131975	-0.99116421198633
38	-1	1	-0.0105225243700123	0.280724018415413	5.57917375344183	-4.63654748046033	-2.88283185922027	2.4155073556886e-47	1.80857399894209e-47
39	1	1	0.00491737843158713	0.115343337357858	-6.47801915204554	0.715518818254957	0.203076429759024	-3.23225388126876e-76	-3.94018189663671e-79
40	-1	1	-0.0627490266871583	-0.284050642689678	-8.62771309144909	-0.559769518756186	-0.24836211090653	-0.687167313952282	-0.684836545667224
41	1	1	0.0359844477356389	-0.0182528777765789	6.2204078186257	1.43606411435075	0.868531872027383	-1.13547323835613e-113	-8.46657884340041e-113
42	1	1	-0.0172417438311955	-0.0729346155612376	-5.22532943515098	1.76237677774326	1.16726137075891	-3.32664423774503e-62	-1.02602179385733e-61
43	1	1	0.0121487022346828	-0.229285812177135	-5.64001896915147	2.90604241419853	2.09235821234615	-3.84677928564083e-67	-1.48472428691235e-66
44	1	1	0.000367507184956817	0.00815364367511684	-6.9847561047073	0.750945185438182	0.605197283773569	-1.33591499552042e-48	-3.07217642845196e-49
45	-1	1	0.0476239802549883	-0.00559933527303969	5.3992177164838	-0.220209366230753	-0.0820010527312807	1.65742005973627e-25	1.46475082393107e-25
46	1	1	0.0511309489727866	-0.0384557931363716	5.28378667936226	1.9285084116499	0.92162456036608	7.00078844051665e-104	3.01612924072766e-105
47	-1	1	-0.0541544689292613	-0.126964665979235	-5.5137266873984	-2.93136195567722	-1.86128174778178	1.31268081919967e-110	1.93965503951921e-108
48	1	1	-0.0192255018799278	0.0467868928676864	-5.31157505639064	-0.21559653163736	0.00870150522684909	0.626289319627335	0.620898661557994
49	1	1	0.0429513121360714	-0.408171086512315	5.63369007242403	4.6648349178995	3.71366511114861	-4.41435065763002e-70	-3.47743990174648e-70
50	-1	1	0.0142996431777132	-0.00525227348554047	5.44206644841824	-0.186319643193166	0.267851310769862	-0.236711303736923	-0.235958592014911
51	-1	1	-0.0998424194360359	0.326219842319379	-5.14477754298094	-4.36751976306059	-3.3680940638997	3.01952389805636e-190	1.47906077690717e-184
52	1	1	0.00432173023298199	0.0528210729009349	6.79261470964694	0.396829865307932	-0.185498959997984	0.919312455591489	0.922034810839989
53	-1	1	0.000485913235803603	-0.109468778748303	5.43637752403332	-0.595837550314215	0.183813209142134	-0.971140201489748	-0.970747560861872
54	-1	1	-0.00808135448855762	-0.0891816759103037	6.01014435657765	-0.582667897950911	-0.195515573667345	2.80963758163737e-16	1.07120476389588e-16
55	1	1	-0.00537916852282971	0.0853181064270299	-6.36766060007857	-0.0732198099790899	-0.0331141155613679	0.968155687464921	0.969472620852067
56	-1	1	0.00933473888864511	0.00492279475538915	5.33928606645475	-1.39215380668095	-0.755366645671623	9.88008942487826e-63	2.2726611041662e-62
57	1	1	0.0740364791605339	0.131216655837713	7.19845123529083	1.21900038254314	0.80016772701191	-1.65762026759997e-215	-8.7829015555952e-216
58	-1	1	0.00654581848264746	-0.310400255134724	5.08266810626101	-0.598288658161312	0.209446384870661	7.31834469886281e-90	9.13354499497142e-91
59	-1	1	-0.000656358948293745	-0.0436106670611363	-9.67401110099484	-0.172894296500582	-0.23028672680983	-0.401186026739503	-0.408313534287983
60	-1	1	-0.0762846427962163	-0.0385472821068156	-5.23361271537296	-4.47921688990675	-2.56030836029647	7.28967535892624e-97	3.24473253869747e-98
61	-1	1	0.0644084222292072	-0.129415091045519	5.28964774472216	-0.848024928680971	-0.273818873079177	8.51930628652186e-17	3.81016144910677e-16
62	1	1	0.0105611841167839	0.0512274662809347	7.39122547864349	0.617875572752482	0.683960184082112	-7.05684651494705e-16	-4.94216003463921e-16
63	-1	1	0.00214110581699001	0.0130978718829713	6.70488464417941	-0.216311525934701	0.166085552850562	-0.918786540828039	-0.918746773972502
64	1	1	-0.0770257210792161	0.0849435150011661	-5.53433425980096	1.00136553111658	-0.0468669265278656	-3.49672907489594e-58	-5.06741576183102e-58
65	-1	1	0.00257525759605826	-0.0913908620089199	-6.85897730003974	-0.224129770105874	-0.219606438448862	-0.783423436131285	-0.777508661744214
66	1	1	-0.0187971453870999	0.0110816736480679	-5.30331663142936	0.094045007554783	-0.26973113025079	0.344797416212642	0.353269656133951
67	1	1	0.0451674273515918	0.100445665135124	7.44787815577813	1.44604076686317	1.11396396143604	-2.05932167832881e-59	-2.83741064155479e-58
68	-1	1	-0.000218843217329123	-0.0173863975172281	10.6441282330318	-0.0700645154790536	-0.00290269840382962	-0.993221709771114	-0.992038113152299
69	1	1	0.0026725230883482	0.0806651217671099	6.08025739221783	0.725815575779567	-0.174822769400105	0.374959036291718	0.352345076450155
70	1	1	-0.0172129243572935	0.328839378624313	-5.27098895102232	0.772101983921129	-0.0847366993386309	-3.89135709787124e-93	-4.72613590516545e-95
71	-1	1	-0.103460823128988	-0.425992793916476	-7.95013824692105	-1.3086635994441	-0.596294101341222	-0.349906891423392	-0.349215961474908
72	1	1	-0.0130757137796386	0.05354911248922	5.50805903910177	1.74830226432453	0.553304448520374	-2.4549260899693e-30	-2.79534391532635e-30
73	-1	1	-0.00108227546209394	-0.311230857971061	5.43256753247322	-1.26020448090578	0.0810529680266985	-3.32566200813647e-122	-5.83994486080438e-122
74	1	1	-0.00103633611896936	0.0529431039462356	-7.67474928536162	0.359303215322621	0.0430094608388263	-1.00171578132691e-202	-3.74639537966833e-201
75	1	1	0.0168684044346995	0.0540688877229822	6.24672241850362	0.70253576845599	-0.149635118654134	0.424367461627563	0.418694956212025
76	-1	1	0.0323057708065034	-0.0680561782418909	5.30696718813552	-0.606252459208385	-0.208248113868745	1.05451714600173e-94	2.3177076700631e-92
77	1	1	-0.0238584145871608	0.21226777380469	-5.69909593802135	1.15884541672864	-0.095306568622739	-1.75390338014834e-56	-2.64432958015599e-57
78	1	1	-0.0851188443306544	0.0677574379319381	-5.48533088579761	0.0422894167841328	0.0354045166047428	-1.75814365977882e-28	-1.04548649262617e-28
79	-1	1	-0.0546018043801743	-0.257583849532807	-9.69236958483809	-0.639576406282822	-0.471008051957416	-0.638251941339968	-0.638728701165233
80	1	1	0.0341385545148409	0.490848239912459	11.5697604528071	0.658279946815771	0.614753042319441	0.49622758367603	0.481260055810784
81	-1	1	-9.2690278254759e-05	0.0105028549877186	9.22005886592916	-0.211476855290723	-0.0607908034648172	2.67120468368377e-31	1.43635424158644e-30
82	-1	1	0.0512768752820296	-0.0400510860733263	5.43767353633684	-0.407943385885968	0.14834100233921	1.50543210200636e-35	1.61283312842978e-35
83	1	1	-0.040631512491952	0.026919800343256	-5.95348929824431	1.33182519637854	0.753496694756148	-6.51814965287731e-66	-6.79429653584873e-65
84	-1	1	-0.00208436564569681	-0.183665061927801	7.16557897509133	-0.385091434094706	-0.000151075971901449	2.16028162276647e-127	6.24623972036938e-125
85	1	1	0.0839927938872396	-0.112479957258603	5.58094574005484	4.1317379726577	3.22457418370229	-3.29707169405176e-162	-1.77306739330914e-168
86	1	1	0.00021253438076152	0.0125393083056942	6.90891856611784	0.0598158562350033	-0.0214231039988615	0.944962327747588	0.943666288987393
87	1	1	0.0130105617837881	0.258291595939433	6.75731118968531	0.818745295341383	0.367832224461665	-1.42615969103099e-114	-2.89891989939199e-117
88	-1	1	0.000455960729452198	-0.155460650820594	6.95509449411212	-0.485153496611206	-0.145234327217223	3.99917016070381e-100	1.46392371970398e-99
89	1	1	0.0105273882537581	0.232057234597198	-6.57509345481858	0.827209104229496	-0.23966411422729	-5.23714001833921e-93	-1.46862582253551e-93
90	-1	1	0.0315456461588567	-0.0310177609043176	5.22517673730656	0.142623145822725	-0.171354530508566	4.18843647551123e-31	1.26601377603845e-30
91	1	1	0.000467617008885979	0.000556476375994208	6.08115126694263	0.0784881504982504	-0.0339706946981391	-0.984736746310981	-0.985106320193952
92	-1	1	0.00464476114485035	0.00898902622381392	6.02832681557271	-0.24461880559404	0.213119687512011	-0.82258242785353	-0.823133460369738
93	1	1	-3.56685106549515e-05	-0.0219239988367317	-9.33345093090573	-0.0238905378412273	-0.0507535089415665	-7.78780163746987e-88	-1.02216143954143e-88
94	-1	1	0.00179812853293582	-0.166038857782345	7.55527479550581	-0.292935132574652	-0.0120379197034985	4.53080876320646e-198	7.66655954214026e-199
95	1	1	0.0425760854276805	0.266247381241195	6.69948417046384	0.789294531449142	0.306491763689154	1.00720609030062e-82	2.86165696701241e-81
96	-1	1	0.0786549244134435	-0.124146954847832	5.25077069395277	-2.29742844980892	-1.18142538138483	6.20536797963575e-143	1.0568188898193e-142
97	1	1	-9.77624378620812e-05	0.000422631433941945	-13.025610783921	0.0191294678040297	0.0106318130666789	-2.56744522764464e-150	-7.17456561441953e-151
98	-1	1	0.000601297590521854	-0.0313968626654475	8.50902730777624	-0.0699804609562591	0.142919526174612	4.3616522321374e-309	1.79917476499678e-312
99	-1	1	0.00180000683481985	0.151604895928068	5.37165351922032	-2.1593270917326	-2.05178877827407	7.1250422466562e-34	2.52516268982864e-33
100	-1	1	0.0755268340756926	-0.0812537161739399	5.68580346143863	-0.632632199920982	-0.0508560210930149	2.91297520049315e-41	1.30523033001567e-41
101	-1	1	-0.000947816541320368	-0.00606030275265113	5.51802279660396	-0.147403033718915	-0.0512937184128219	0.0164291188802228	0.0231039872676361
102	1	1	0.0763979332006293	0.0199308714661282	5.12161360701057	4.01782829414037	2.47135087965864	-6.69375858922297e-106	-1.63507231226666e-105
103	-1	1	0.00168740874656914	-0.0872223024815497	-7.02780909051329	-0.490070144736602	-0.233384470097246	-0.457361343113246	-0.470683535274439
104	-1	1	-5.14234355765142e-05	0.0288760261623704	10.6779781544495	-0.0825011016268196	0.0273005852841219	3.59348259141023e-207	6.10322712335594e-212
105	1	1	0.00103674563276734	0.0828400428908296	-5.80828642068975	0.542205331108949	-0.265551828750285	0.973085716944387	0.972037686472553
106	1	1	0.0929675243899468	0.220845059209394	6.43965318120259	1.04437667940952	0.588251703712698	1.09269952226838e-143	2.11167574279971e-143
107	-1	1	0.000142072031875995	-0.0585094899669922	-8.12543508489113	-0.0735089536739668	-0.0720684249940504	-0.873581321237064	-0.874735795738385
108	1	1	0.010333509445804	0.246304269879598	-5.74958237507626	0.988673747830685	-0.236230171854412	3.31942429881008e-99	2.13668268443863e-97
109	-1	1	0.000679204315260917	-0.058376373298934	6.29162560554055	-0.505191743776981	0.150647461098666	-0.318163018468566	-0.326907215474079
110	-1	1	-0.0518593392292663	-0.0611106186942774	-6.74422102569168	-1.53131232639855	-1.17042921524853	6.64680875309228e-54	7.35697989551487e-54
111	-1	1	-0.0932963790011736	-0.317229328024151	-6.11498057666568	-1.19460295622897	-0.524528290173828	5.14522333759797e-232	4.95055653605266e-230
112	-1	1	-0.104360925001936	-0.21665143163734	-6.2594667137609	-0.88876144561762	-0.261085078529812	-0.918877574936624	-0.921431967657129
113	1	1	0.00408219434013934	0.278514263675669	5.03775588905186	1.39990783993098	-0.122805705023922	-2.40251244965821e-102	-2.61259996146513e-105
114	-1	1	-0.0965371152877423	-0.19732114654752	-6.52695344980615	-1.18441143272339	-0.691603562002506	-4.38884479241711e-136	-2.0404066189191e-137
115	-1	1	-0.00183407514018996	0.00479324843160889	7.02897910472791	-0.119501385654701	-0.0272684612315803	1.03261584818794e-41	3.43428146752246e-42
116	1	1	0.000981403045401508	-0.0620081172992268	-7.14745929914501	1.03352417875009	0.500468778352754	-4.5780296297728e-10	-5.47678366833577e-10
117	-1	1	0.0258391806333755	-0.0360425736621153	5.42012362821693	0.142090118429783	-0.0171953740102513	-0.904918972137078	-0.90658919738666
118	1	1	-0.000140425873652261	0.0402353996399398	8.85287508177927	0.313531884054351	0.251319133185092	0.694128799966477	0.693364023641845
119	-1	1	0.00213024451255328	-0.0129277502697658	6.67700424613064	-0.227988370354334	0.12318993614516	6.93110859541561e-77	7.93301453718742e-77
120	1	1	-0.00599136874969564	0.0639545189008537	-6.12174428950755	0.0952231468315716	0.0553946360388693	0.104496166755395	0.103314484986762
121	-1	1	-0.0183876938055543	0.0595750584148771	-6.77230433594442	-1.2704795163124	-0.948110564345036	3.85760134639554e-61	6.24991958124557e-61
122	1	1	0.00519667431355997	0.0692173515339753	-6.50588925607399	1.22958177195707	0.391031624647274	-2.70090031498611e-67	-1.34017971742214e-67
123	-1	1	0.117616299366529	-0.113171318403561	5.90431487266246	-2.52492456759531	-0.731932545567769	8.46293357965087e-62	4.56286194345185e-60
124	1	1	-0.00100622544320317	0.0664888792564433	-6.22233638244468	0.394832708989714	-0.281324440877578	0.622943469824695	0.623230458302233
125	-1	1	-0.0230335619268565	-0.0949591223360251	-5.27682219020562	-1.32411450628276	-0.776543608151451	1.06452227978409e-47	5.66697238503866e-48
126	1	1	0.0784575037366769	-0.0708056862824833	6.32091751209663	1.9221852309746	1.31656510034867	-9.04059194367126e-177	-6.95988546424575e-179
127	-1	1	0.017302751280357	-0.104797460045463	5.07599560166054	-1.70740190326761	-0.444225445809719	1.99063402273732e-76	1.06968245166022e-76
128	-1	1	0.00570705820689654	-0.0942377931744165	-6.44120837531398	-0.0165277430898136	-0.0357107007708031	-0.708859490583058	-0.696590705320456
129	1	1	-0.0628790732844824	0.0308684597756095	-5.59470537491758	0.7511760871059	0.237217623568403	-4.187697959643e-08	-8.53581793209879e-08
130	-1	1	0.00969111364768982	0.00210144074860175	-5.61323082474568	-0.260918723409434	0.182983909647822	-0.583883961158589	-0.577815770800861
131	1	1	0.151917600020804	0.188042399923958	6.27269961968413	0.987179241272884	0.537881088200374	4.89392991774981e-119	1.51331129338236e-120
132	-1	1	0.0106589963158837	-0.0804482775348792	5.82647331408665	-0.0100428777828512	-0.0761678876306853	-0.859056073612432	-0.872709881005061
133	1	1	-0.0115176033836137	0.000284045417448198	-5.60848672768199	0.220613976568581	-0.236596739077591	0.855777834305852	0.854199444238683
134	-1	1	0.00160877223282174	-0.00552218781917269	5.56579661246402	0.000897703791737925	-0.246006931642265	1.79851301092346e-29	1.85663173147123e-29
135	1	1	-0.0147108933440451	0.0684080787534178	-5.59221591133579	-0.124452123525533	0.014048494608133	0.981007939108736	0.981714012939341
136	1	1	-0.0819769859816429	0.00951619224981215	-5.4601783425246	0.86755138337436	0.189929677848694	-5.95578342036198e-05	-3.59156559591297e-05
137	1	1	0.0310636036737174	-0.347577132061568	-5.81470898627111	2.97015126706834	1.8995536549017	-5.31440740976709e-42	-7.25264204758273e-42
138	-1	1	-0.0926669650586167	0.615211998226721	-5.02096369640504	-5.20629962398934	-3.58601018782932	1.82138357890064e-199	1.92997142639217e-202
139	1	1	0.0124510406795341	0.0481373687021858	7.62840801562115	0.459992373382974	0.0667055410773703	0.906577193149478	0.905810760565205
140	1	1	-0.0112588230874892	0.0863678951859956	-5.85914541720645	-0.256136291639283	0.0231343617711186	0.530649807081846	0.527841728046131
141	-1	1	0.000111473442700794	0.015526176051937	-10.7886477410264	-0.0405374671809948	-0.0579802715602895	7.89911585097948e-215	2.47961089200854e-216
142	1	1	-0.000739234912860987	0.102135459110993	-7.5035033018706	0.340066986678814	-0.00578644300214037	-6.59060452527863e-177	-1.84777304859536e-181
143	1	1	0.000570846404164604	0.00475124808619753	-7.66788182015685	0.032899390628323	-0.00146505698989507	-2.78137883188029e-34	-1.02509271134004e-33
144	-1	1	-0.00902669415245116	-0.0558688728870713	4.9761944200959	-1.28137796518484	-0.154404512982008	-6.07002560594479e-73	8.77010862596929e-74
145	1	1	-0.0101607681366255	0.110528147265708	-6.22258768906097	-0.0496553812100551	0.0047013634188211	0.98783089950495	0.988355766927727
146	-1	1	-0.000194175115029172	0.00589859363375744	9.95650414069932	-0.0597610199678424	-0.0403372071351225	2.08269590746562e-12	2.279235576341e-12
147	-1	1	-0.0241120163502229	-0.226882707804519	-10.2315122129818	-0.648065646682248	-0.518486393195122	-0.955475220899379	-0.955052366957206
148	-1	1	-9.33256601242105e-05	-0.00762400704279642	10.3643450894004	-0.0856682354945502	-0.0260651260790929	0.414306262283372	0.420542518175209
149	1	1	0.0109446584250714	0.18654908569183	-6.42615498784656	0.903842154568501	-0.141419648752933	-2.10095838357117e-27	-7.04551403650254e-28
150	-1	1	-0.0679230910460153	-0.156981535075149	-6.79147162235948	-1.08517682333515	-0.693441936036832	6.29714949464666e-195	9.09479771882351e-201
151	1	1	-0.00252250692486489	0.0835128693199234	-6.92479322600033	0.0500099434872379	0.0460560911901826	1.99465456408083e-20	1.60531144962232e-20
152	-1	1	-0.010946853628177	0.00764706284673089	6.47190645105722	-2.17044342500728	-0.978158381598671	2.28718178598355e-50	4.13292238906266e-51
153	1	1	-0.0202585307279175	0.0365079417797265	-5.41933432989335	-0.238230412894996	0.00120871457820293	4.20965554112313e-17	3.77438784372681e-17
154	-1	1	0.0528843440885627	-0.206058978094108	5.66962655662116	-1.44084561397068	-0.454825307341844	1.00886510469169e-103	4.00751628223264e-101
155	-1	1	0.000114191879789671	-0.0735062454005249	8.26754648440451	-0.270039069096541	0.131811992901506	5.6787221405519e-135	1.49972941781098e-133
156	1	1	0.00296273453695362	0.155159634533915	-5.34956560236893	0.8569830584245	0.332685250725618	-1.3899250976112e-89	-2.3780920347974e-88
157	-1	1	0.00075071694328932	0.08450644935348	-5.38111144762651	-0.849269305440492	-0.55279250379005	0.905577078020213	0.905948431018428
158	1	1	-0.0166181589789978	-0.165858218571575	5.18909804027985	2.04790982553514	1.371260823961	-7.64400462033972e-40	-2.59051417870581e-39
159	-1	1	-0.0174268763839346	0.176434681964691	5.56563058902939	-2.93372732119762	-2.05620022115432	4.31828097898583e-76	1.37102529998941e-77
160	1	1	-0.0529961474919168	0.0842099437054724	-5.2891291664436	0.760138756628871	-0.195948465852084	-3.69263213779582e-33	-3.17972427895925e-32
161	-1	1	-0.000623442861944712	-0.131592796375758	7.75505690717471	-0.239330420667848	-0.0565956477182326	3.10531171964377e-165	2.28426895421414e-160
162	1	1	-0.000555093638610726	0.0328070733564001	-6.69861008082879	0.123042556290994	-0.274312351715674	0.783001849306779	0.783245129135895
163	1	1	-0.0239749514382638	0.0227653275780639	-5.27988913868902	-0.214989270399291	0.131467335587336	-7.8482441213858e-28	-9.64365027709809e-29
164	-1	1	-0.138582854747393	-0.410143078209135	-6.96735190621959	-0.35566016680772	0.0631328400379108	-0.713926271589879	-0.718381068398084
165	-1	1	-0.151630525087256	-0.578001759243948	-9.41025995144279	-1.15243123795189	-0.864338163817507	-0.250607976074103	-0.250902699716548
166	1	1	7.33410306404947e-05	0.0164397647982835	-7.21804652992162	0.395470055108671	-0.149399495469499	0.546914119116358	0.551314641168182
167	-1	1	0.00194925931307544	-0.0098934342144279	6.93971977958901	-0.21087926088606	0.159425474609119	-0.928929675303512	-0.92902533848445
168	1	1	0.0859865707893075	0.0894944147744852	5.48911491502598	2.61283807647107	1.76490872553963	-4.77084984491748e-127	-3.70394413505905e-127
169	-1	1	-0.065303262461522	-0.0840142801472883	-7.52718022748204	-1.29741208948733	-1.10617918409793	1.99387658395095e-47	2.35903991569951e-46
170	1	1	-0.0768483478457157	0.118394636002872	-5.64549537756346	1.41265449736511	0.042271629435751	-1.15677508648786e-42	-7.42546252340645e-42
171	-1	1	-0.000204645229621159	-0.363657490604583	5.00473656823458	-0.56282817599377	0.2971240413909	8.49770328187218e-97	2.53330718907337e-93
172	1	1	-0.00516824565886154	0.0943807413392079	-6.58762367161299	0.0431489368186799	0.051614714531258	0.214195694000482	0.23059611542338
173	-1	1	0.000477004445302964	-0.00667788466911645	9.8363867357906	-0.110113403946754	-0.0264789269862593	-0.945887234075021	-0.948970122577426
174	1	1	-0.0798642851711707	0.0970795144109839	-5.46998771643469	0.964584195817887	-0.161683006825768	-5.72592332063013e-50	-3.47808722639406e-51
175	1	1	0.00189384554818817	0.205518581190974	-5.66418633076496	0.678813521243871	-0.0162188649353787	-3.87779410793855e-116	-3.08410713431845e-116
176	-1	1	0.00152138940094215	-0.0824553749979451	5.53725127854556	-1.7578878388943	-0.549693921965655	6.89508633756042e-46	3.75968609708925e-45
177	1	1	-0.0174256298164763	0.35910233125948	-5.31471372711277	0.874387166324146	-0.0643869472390293	-1.06322306210887e-103	-9.77336115348997e-105
178	-1	1	-0.146130219054573	-0.325704764800296	-7.87177177131634	-2.0301249263662	-1.30384645289887	2.0366757940443e-293	8.80485841512426e-285
179	1	1	0.0130456289865345	-0.217277861905668	-5.57971702850788	3.82619619681192	2.23237513268053	-4.90327362208764e-48	-2.58761875776742e-48
180	1	1	0.00317113008892611	0.0684778222476083	-7.51729584877443	0.27450172706504	-0.167662343220801	-5.70224582938012e-183	-6.20053922932463e-187
181	-1	1	-0.00088562351501531	-0.0924397052720174	5.66993794339421	-0.679239924387002	0.2006329540698	-0.744542274235888	-0.744588105732983
182	-1	1	-0.00114349288135218	-0.0792929982876487	5.86356863856274	-0.46639357022501	0.259038042424329	-0.629856370897615	-0.630678337136648
183	1	1	0.00723166707151757	-0.231895159299631	-6.41433260061544	3.21627990154687	3.02568726224184	-1.56591491761551e-53	-6.10635205995149e-50
184	-1	1	-0.105398750187091	-0.327848164651869	-7.51671185543951	-1.11472976428045	-0.46889565888168	-0.397023813455759	-0.403126139457308
185	1	1	-0.00022275512276726	0.0373558075723182	-8.06036016308984	0.0340874650891969	-0.038859735916926	0.834267397857368	0.83628859644076
186	-1	1	0.0144146459476957	0.0152518905559127	5.37164706147138	-0.335520533497739	0.0781894767257789	-9.98223646687903e-29	-4.55210318792848e-29
187	1	1	0.017397816203237	0.0718415055229773	8.11407871083816	0.729412122077042	0.433349558046466	0.152689433144573	0.152740189890365
188	-1	1	-0.000241133072895083	-0.0436987124216337	6.89277596157919	-0.271376118119809	0.221113132938202	-0.975571483297801	-0.976161922963982
189	1	1	0.00364740315052325	-0.35668969857697	-5.4646400700666	2.81249785312421	2.2568345801804	-1.07574725723299e-16	-1.41549546082035e-16
190	-1	1	-0.0514734272309936	-0.157981816499275	-5.59389765817915	-3.18289366392812	-2.06528774324717	1.09085300911792e-116	4.67774934307284e-119
191	1	1	0.00247247196904854	0.0215332699338919	-7.10360733092439	1.78597977267747	0.57209441839807	-7.19632232664663e-83	-5.72296362934429e-84
192	-1	1	0.0211584567089604	-0.0287622472576672	5.47721098089043	-0.244216625918682	0.112846098272634	-0.265650873970605	-0.267401292664338
193	1	1	0.0171739478047003	0.059786434027771	7.40171565131416	0.980131200884715	0.801450885447194	-3.11919770322139e-30	-2.07147651746581e-30
194	-1	1	0.0506392126333882	-0.108018175850184	5.31300187230722	-0.765682967572536	0.242739938645714	1.57050927300138e-36	2.50771561903224e-36
195	1	1	0.00185573909737402	-0.000174593764690201	7.14092716896543	0.52553485842231	0.161188941631735	0.823234230394135	0.81892704701882
196	-1	1	-0.00949426668577003	-0.199459628487299	6.42972495232438	-0.858395061163245	0.123208906307394	9.92040405994924e-88	1.96078382355736e-87
197	1	1	-0.0445997626222412	0.162937484162093	-5.35836598925862	0.296180107270821	0.178773671192038	-8.16626072066401e-61	-1.51647687928283e-60
198	1	1	-0.084793724425422	0.0045139978533193	-5.53555405076319	0.323749900156544	0.0792999643162009	-7.01970780050498e-29	-5.44377339089696e-29
199	-1	1	0.028044245210909	-0.311655766081172	5.31469537865197	-1.40228539005612	0.0591324383117868	1.36856681972267e-92	9.13447796400598e-92
200	1	1	6.60253713922199e-05	0.000246547680669451	18.0028067428199	0.0193224716645179	0.0202918050783456	6.62205199126087e-67	8.46344154955136e-71
201	-1	1	-0.0147710782545586	-0.12729381345622	-5.27880292695309	-1.14685008404876	-0.310790465969948	-1.09142244988399e-36	-1.67548488765579e-36
202	1	1	-0.0223514286766031	0.0534495201909522	-5.33865773183957	-0.234210791740196	0.0347683733962914	0.818638315602949	0.816294580347408
203	-1	1	-0.0434271261233935	0.117049375025672	-5.60774760418543	-1.93783012679391	-1.26511449560177	1.97034393511419e-93	4.34166344339684e-93
204	1	1	-0.00276908525141761	0.29087890599345	-5.44272588034461	1.32709706564694	-0.0153926571400866	-4.76465690294627e-108	-8.32495450944656e-110
205	-1	1	-0.0149704168244755	-0.0959249083402476	-6.18414057444339	-0.0900765694768637	-0.141387695865602	-0.152668140526152	-0.155621004165347
206	1	1	0.0412797180415001	-0.0571686111000265	5.52528839316928	3.95627426153282	2.65451872172025	-2.99730605114092e-91	-1.63911055888014e-92
207	-1	1	-0.000874026603665978	-0.0292876668869209	8.30041304003325	-0.205300637952874	0.0808951139856848	-0.801918806291829	-0.797586773718351
208	-1	1	-0.000420326009970884	-0.0404601335647072	8.52818102064453	-0.1348982122575	0.220764712750245	1.33286118202639e-109	1.42340955977768e-107
209	1	1	-0.0116944305245208	-0.0613918164913478	-5.55707927596211	0.635785598174838	0.667367025599356	-4.00277248967182e-24	-1.54054779265434e-23
210	-1	1	0.00859874622902734	-0.161979403557856	5.18047988650871	-0.74329281132758	-0.257407341140089	2.26330048420928e-92	3.19487684059264e-92
211	1	1	0.0750990290549793	0.202383825030115	7.45363676304732	1.69262417661107	2.24565026483981	-1.48858428609766e-66	-1.77647630603666e-64
212	1	1	-0.000339933739749387	0.056383176520713	-5.62977302474806	0.572127362547862	-0.176827823447839	1.11409270825332e-26	1.71775718973703e-26
213	1	1	-0.00642029179488457	0.0948692065911754	-5.30032462982163	0.695156622966946	-0.205362609170251	1.70947192652718e-21	2.76190490127985e-21
214	1	1	-0.0184322250053064	8.50719812479639e-05	-5.3594182976084	0.0993298777129219	-0.254115470113206	0.546115211641895	0.53819856763963
215	-1	1	-0.186270848149651	0.035974111101245	-6.30553203281223	-2.18619739926249	-1.63479428676302	0	0
216	-1	1	0.0718283522994584	-0.0839925117405045	5.95046519551429	-1.73817179870627	-0.809160497760963	2.18372702995788e-80	1.28961458134675e-87
217	1	1	0.0456521661295572	0.191174032353548	-7.01497560241153	1.38281859992337	0.899246255260559	-5.53010051486652e-71	-9.66838251524979e-70
218	1	1	-0.0402313579235887	0.0937035424159056	-5.3758796009586	1.23749916208414	-0.116401573965343	-6.90693895384464e-33	-1.23362761015203e-33
219	1	1	-0.00210866444847724	0.0851563870650622	-6.7260288858097	-0.0427290433491372	0.0150304350371879	0.349753546054131	0.349480922003709
220	-1	1	0.00205791203408057	-0.0110742580560377	7.15672577863192	-0.123450770536335	0.184403632321555	-0.69917576702353	-0.698867085473657
221	-1	1	0.0168290783982944	-0.262573327257225	5.43359998544113	-0.905597520354647	-0.00750592130996353	3.56491499509354e-107	5.1101888035996e-106
222	-1	1	0.0215023976074771	-0.00265196415095659	5.24266749003507	-0.49650999683579	-0.00894402433999275	1.970360833509e-09	1.9762410260219e-09
223	1	1	0.0389642063536866	0.00445949259756873	5.27997401288688	3.43335911812665	2.36406661444279	-2.14849474242179e-96	-4.01416640590498e-101
224	1	1	-0.0115304412589442	0.037886806636843	-5.5510369304334	0.250673800966993	-0.200715140511363	0.436218702334344	0.436963530551129
225	1	1	0.0158371448297012	-0.51937180744026	-5.60284815217785	3.41790554822088	2.58196622298188	-1.58790921427726e-64	-3.0886670232722e-65
226	-1	1	0.00024489425939711	0.0301353839016709	8.13597736718684	-0.234541675078802	-0.317449435039196	4.67869263233635e-188	1.87237010858092e-192
227	1	1	0.0904455963431244	-0.0476442899648593	5.27806092379831	3.79721307261847	2.44610581233844	-5.9053284580913e-128	-2.23045632736908e-127
228	-1	1	-0.00609730398445874	0.111838984029022	5.58573164709951	-3.80149184196519	-2.2844663224292	1.84754725359891e-41	1.44216932999384e-41
229	1	1	-0.010824009548941	0.102968786111969	-5.88278061979334	-0.0131973556186011	0.0980112807907112	2.36261816159744e-26	2.57808370670054e-26
230	-1	1	-0.00061310734022435	-0.0678181952311139	5.84614990416033	-0.763594385231107	0.250191195061378	-0.648529123852854	-0.652922021485242
231	1	1	0.00359896956320305	-0.390920822065157	-5.46092623489703	3.08083973965177	2.38047012615937	-4.17318915555509e-08	-3.78473206008942e-08
232	-1	1	0.0509458535170104	-0.170817754224887	5.21826779245813	-1.24681662085029	-0.250872021695619	1.16488646312538e-73	4.70919856009041e-74
233	1	1	0.0101163851465877	-0.0309389598759147	6.6944904654948	1.74589096094456	0.847415683544664	-7.42905290791043e-32	-2.33837292591458e-32
234	-1	1	0.00684080335391024	-0.0263810353113403	5.93279506937727	-0.1793413721599	-0.135444048815769	1.61366401252063e-35	1.11312328567614e-35
235	1	1	-0.000488952155729749	0.0195569861992126	-6.84909178766276	0.35502693823255	-0.172730261050866	0.434690023217667	0.443113695785413
236	1	1	0.0382769053629327	0.0324001656890829	5.49803800351138	3.1127708468929	2.21272379790151	-9.93201887029677e-94	-1.33002558712591e-91
237	-1	1	0.000418789482347637	-0.0228565265783249	8.21907480415526	-0.103360585611282	0.00437032550296301	4.40853420457388e-222	1.30576491105813e-221
238	1	1	0.0504247199152112	-0.174246638875273	5.17892567232167	4.24218638951995	2.64368023357823	-1.89201895326757e-110	-6.11088790974524e-117
239	-1	1	0.0122505628268886	-0.0473248857516229	6.09831584902086	0.10156280997338	-0.285868742602169	-0.880770802769624	-0.880282790057936
240	1	1	0.000657372610205598	0.0246655389454045	-7.50943420811874	0.27977385252718	-0.164473162694522	0.74096217594917	0.748612152609529
241	-1	1	0.000901424995888633	-0.181093851838012	5.5128184398265	-1.03396131675897	-0.384253023600866	3.00078525951656e-76	4.21863555405839e-76
242	1	1	-0.0145875733868889	0.00899336077246282	-5.27345842358554	0.229321581348975	-0.182184939088769	-6.40706269239491e-26	-9.95782740358128e-26
243	-1	1	-0.0961028326905781	-0.428536855973274	-7.89469219033644	-0.494670011131527	-0.133578706035721	-0.992384270901221	-0.992196544175552
244	1	1	-0.0316979352259891	0.112923731856251	-5.39449668131678	0.354114287226764	0.262866683664152	-8.16857304975979e-46	-3.55448469917148e-46
245	-1	1	0.0317261320642216	-0.178507760785372	5.58562729040197	-1.37811007823489	-0.474419253286676	4.43760826574291e-96	1.04901947802253e-98
246	1	1	0.0299644867227534	0.284338593162589	8.92437275821886	1.23201306273497	1.10644568558319	-9.29023665141766e-178	-1.75431021342829e-176
247	-1	1	-0.0128295832828459	0.0331989833552235	-5.82219723973522	-1.84063104782884	-0.885075943878331	2.96465996050238e-42	8.28860590297232e-41
248	1	1	0.102072892283427	-0.354389580888176	5.98558616763515	4.07121437807671	3.73740945620134	-3.38297186057613e-190	-5.28822955480242e-186
249	-1	1	0.0772207032290275	-0.0442510737398667	5.57593337001181	-0.178201305396717	-0.0520991082925768	3.13469481632075e-34	5.59390329316523e-34
250	1	1	-0.00646285829976656	-0.145307805739986	5.51392595477092	1.43204465490234	0.907361377284554	-2.96940847674537e-44	-4.85220274504727e-44
251	-1	1	-0.192203809784794	-0.11756642825681	-7.27115045108498	-1.60361179916507	-1.26376530579313	-2.23874794994642e-193	-1.02862761481398e-190
252	-1	1	-0.00222935641265642	-0.0568652781281216	6.75918906649185	-0.656456940919718	-0.0992073667418207	1.11155912395933e-89	1.92998662092563e-91
253	1	1	0.000190045983074705	-0.0598320913918773	5.68788135585317	1.61356902306245	1.1158563169583	-5.67257714346986e-18	-9.80882122387997e-18
254	-1	1	0.0245742051531824	-0.107594778671661	5.11582998733465	-0.974579698560216	-0.171203619847001	3.2665186924157e-44	3.37499231640005e-45
255	-1	1	-0.000150990135184159	-0.0607471995459807	6.5327015058006	-0.578492209549122	0.121280701152827	-0.145621144944238	-0.14729923470633
256	1	1	0.0437686246177033	-0.105217994682546	6.08019565612629	1.80638491895736	1.38791004249322	-7.28851797203194e-75	-3.14865824916573e-74
257	-1	1	-0.00413050437643459	0.0346986099481885	-6.0466257597704	-1.21351217714998	-0.998937112127233	5.30699994022552e-23	2.63212661728947e-23
258	-1	1	0.00666241353147168	-0.306327814672761	5.51393315257219	-0.676965444888838	-0.00521215395279739	2.05581942684943e-104	5.91051928773843e-104
259	1	1	-4.82819303732063e-05	-0.00182088981587292	-9.75948584522691	0.112747672037761	-0.0349086769766842	0.850933465838035	0.851089023033405
260	-1	1	-0.0217398537304494	0.0769090529534449	5.57865572628239	-4.23623664603123	-2.35810158181222	1.16350765743877e-59	2.44947822169513e-59
261	-1	1	-0.104849765468139	0.634465290386652	-5.34665456192558	-4.21736739866816	-3.45921600801854	1.69476617789388e-206	2.6344216674527e-203
262	1	1	-0.00697003699166865	0.0989784193049683	-5.30729953878002	1.78786224532369	0.490112713475778	-7.40215488384135e-52	-4.19058259440362e-51
263	-1	1	0.000172816379933494	-0.0447005376069622	5.53127116496661	-0.340042607094006	-0.0932464103685131	5.79860203816918e-21	5.36809524762787e-21
264	1	1	-0.0101080093172961	0.0767838765402082	-5.94607620548476	-0.017897308478533	0.00444832664291361	0.926920620933203	0.923108960004212
265	-1	1	0.000542881496897185	-0.0370112561079878	8.51290008603103	-0.0190106430847514	0.05650323763256	-0.491304085428302	-0.48542619847014
266	1	1	-0.000446270886955591	0.0614523547352483	-6.44024802248144	0.336612352406123	-0.252920784874537	0.917909116295713	0.921049050704271
267	-1	1	0.0223520371463828	-0.0463631386494967	5.39358005287528	0.33438612773336	0.0133617985285088	-0.845279274959331	-0.846635668068136
268	1	1	-0.0223334792679836	0.0297890027406904	-5.30776390162812	0.204872228788339	-0.180414921419166	0.822897836516007	0.821703320335009
269	-1	1	0.000345809642377626	-0.0662605832753229	9.69148158335369	0.103344339221772	0.0426652105530625	2.80998316682342e-205	6.19688397347534e-209
270	-1	1	0.00232754320143158	-0.219786075157955	5.68013097291677	-0.764489562766828	0.0394023557211316	6.84506332840373e-116	1.85805093203447e-117
271	1	1	0.0900227435730545	-0.194990324857624	5.0435585982921	4.34315468054594	2.51846804783964	-3.57263248121093e-147	-5.31754295680751e-148
272	-1	1	0.0352802837255002	-0.0943165902601564	5.29438322757572	-0.603848201943373	0.142444198076896	2.2275356669539e-28	2.50730868454524e-29
273	-1	1	0.0477805067753404	-0.0625841261879181	5.24567455142522	-1.44797227650665	-0.329226996093858	3.42951611946952e-45	8.89420333451374e-45
274	1	1	0.00306053813901386	0.196407932396566	-5.74375572295081	1.09268702164794	-0.0383104977621063	-6.6198560561615e-84	-7.68526045928638e-83
275	-1	1	-0.000361559363333708	0.0169300335246199	-7.99902024496642	-0.180707464371412	0.041815957790428	-0.80215048304828	-0.801017271962527
276	-1	1	-0.143357654156279	-0.274527061310994	-5.54031530976405	-2.65821583365376	-1.35073518808226	4.33528401137113e-218	3.63737884009696e-219
277	1	1	-0.0278682115444218	0.131386432766989	-5.19661742493651	1.44379339058026	0.367257200576253	-2.83717414685362e-92	-3.25200214549604e-91
278	1	1	-0.0168091053365671	0.319333644159185	5.07155783025394	3.01123902021612	1.27834960168677	-5.48199777564339e-251	-1.04619093029045e-238
279	-1	1	-0.00586407907202768	0.356047661108963	5.47836155588859	-3.2126624075899	-2.52342137412994	4.25478455904971e-64	1.11174703002312e-66
280	1	1	0.0143325356243275	0.129214529134952	6.75896082808037	0.845117665282508	0.661994870582959	-1.17769405598321e-41	-8.50329400085424e-43
281	-1	1	-0.117241174617103	-0.449364065582779	-8.34898268179287	-1.11575721378126	-0.756855547541585	-0.970892604628403	-0.972482278686153
282	1	1	0.000398621150533351	0.0104519211583813	-10.8947308456592	0.071683546130588	-0.033370317847945	-7.11755206245523e-150	-5.53519838731462e-153
283	1	1	-0.0357543575630558	0.0642494336730337	-5.7670749528275	1.33931792494398	0.936225642447218	-7.79783645958973e-101	-3.60619326483367e-98
284	-1	1	-0.00225645109671802	-0.0297381833881492	4.98974743318389	-0.0100553821560236	-0.129446338824838	8.83242494885519e-46	2.53991230143969e-45
285	-1	1	0.0225631525310549	-0.000306315275388158	5.27680093866684	-0.451200470836572	-0.0172805572361661	6.45973814947998e-12	5.39313830146012e-12
286	1	1	0.0904002291624189	0.0267849588332254	6.570630416452	1.72521816147073	1.39020328371199	1.36308977172094e-168	2.4549484582353e-168
287	-1	1	-0.0121268325141473	0.237427395157241	5.56096856045915	-3.35127314011092	-2.63709140002121	2.32763967054363e-07	3.46778290227943e-07
288	1	1	0.0494898245959293	0.0994925923576844	6.73076990423379	1.26468821606825	0.826569325873033	-4.35984136918964e-140	-5.42973837474927e-141
289	1	1	0.00232447450947604	-0.0593957859682206	-7.97769118400836	1.11727906544079	0.803533748535843	-2.3045792854764e-11	-2.65365730115534e-11
290	1	1	0.0879617631254288	-0.220853172452394	5.17455669778611	4.41149830492357	3.45022260105804	-4.87711067299074e-175	-5.67628964638297e-177
291	-1	1	-0.00780005171738152	0.0144790975299571	5.95935389895112	-1.48102837787776	-0.909132319434773	0.0869063198576262	0.0714825128720885
292	1	1	0.101112202919797	-0.37167123063767	5.6777349608859	4.24109147066227	3.3831905978883	-4.37615478736676e-177	-5.93656830944085e-171
293	-1	1	-0.146058776384296	-0.218042606293578	-5.56983762493418	-1.79940860911345	-1.10730285172827	1.00098395713192e-202	6.00175185228905e-193
294	1	1	-0.00370858192273149	0.0839037103181592	-6.3276479626174	0.107953006458299	0.172576149729226	-2.4796065364373e-22	-3.29999620011251e-22
295	-1	1	-0.112813265498646	-0.533010991459088	-9.82258465737626	-0.9741854747384	-0.806539653056175	-9.20783654262271e-223	-1.39169044946333e-224
296	1	1	-0.0695663082271089	0.0266790539923356	-5.51119035512375	0.0672448306296989	0.148195048750908	-6.89399330374992e-30	-1.61345321431285e-29
297	-1	1	0.00149581190639436	-0.0810238488608359	6.94346283112238	0.0512484877010486	0.0902482877139921	-0.813821702940581	-0.79703825019738
298	1	1	-0.0277056335468073	0.101203479022322	-5.49104408318955	0.938594792256753	-0.119602156780262	-1.48575932988452e-42	-2.10249287808754e-42
299	-1	1	0.0437731695831844	-0.0373021011452614	5.36626515813723	-0.842421177709983	-0.183701961569803	1.244955316052e-11	9.57346919816464e-12
300	1	1	-0.0408683835710213	0.13295801037178	-5.30903751874822	0.149048080695374	-0.204741816145562	-3.59668966516503e-38	-1.89024348810118e-37
