PairID	GroundTruth	Weight	QCCD	GRCI	CAM	IGCI	IGCI_G	RESIT	RESIT_std
1	1	1	3.12985279765643e-05	0.0069209597996398	9.00971758155128	-0.489963199634184	0.144834827772778	5.59587334366645e-48	3.98908184760322e-48
2	-1	1	-0.00229091656135016	-0.00422959820295787	-7.28265889264224	0.0928251541763707	-0.0636646840918527	-0.00121766378887499	-0.00116281181006857
3	1	1	0.0734938487421667	0.740851868540837	10.289428005	-0.0633486649798822	0.287875137436309	0.0455413425675038	0.0419527475226022
4	1	1	0.0439802711229172	0.0464776947009007	5.44791966221418	-0.0256038077860161	0.0296080515314685	1.70256271138973e-09	1.52124417976579e-09
5	-1	1	0.000560350006618915	-0.0102057858843985	-6.69264257624158	0.296773968578448	0.0256303451308764	-0.680261734083682	-0.67763331097098
6	1	1	0.0335119605494585	0.331121064991049	9.74162893870266	-0.0225223315440957	0.397225629296281	0.000126908377957493	0.000129297014744513
7	-1	1	-0.0117533648944095	-0.18046184322032	-6.78286415661287	1.97586459420653	1.25330463091639	-4.25436658628133e-08	-3.81182495596907e-08
8	1	1	0.00691198826544059	0.0503802913883522	-5.51960746790276	-0.102450997583052	-0.35076027734328	0.151611259040219	0.1543504799151
9	-1	1	-0.000433261062577017	0.000366424675489085	-9.18471167012306	-0.321653188586037	-0.271847057472815	-0.000200834801080504	-0.000194233342500101
10	1	1	0.00060392079620486	0.0224138616366165	7.98880982126594	-0.0417722997546353	-0.0235684518856516	4.76199710820765e-20	5.01375911103938e-20
11	-1	1	0.000344165729775248	-0.0040530377232546	-5.61937699138076	-0.0580213241659475	-0.126071883924647	0.116911002074407	0.116214178250875
12	1	1	0.0307176543506741	0.243533592944054	5.32566330998296	-0.20692446942703	-0.963227637310794	5.55030113103734e-11	4.94363606136924e-11
13	1	1	0.00384693456979612	-0.00446155260027581	5.82272733288221	0.280939741182028	0.044475716955704	0.46345697514954	0.477386796110897
14	-1	1	-6.06751221898794e-05	-0.0144684816996694	5.69627620016776	0.0785000906431854	0.0222330930328152	-9.9610076741889e-05	-9.42757029206818e-05
15	1	1	0.00103122093044661	0.0130459352630776	-7.8680144267449	-0.301554573786095	-0.203316691248828	0.144459965031175	0.152287245398114
16	1	1	0.00259843826833828	0.0366835272738051	6.03834875643659	0.392438751406532	0.0701033532739217	-2.30966008199994e-12	-2.89082970164834e-12
17	1	1	0.0108478358744895	0.0405034248801304	5.70961207648139	0.490289160314981	0.248315196304405	3.94057225301337e-57	9.05722405600487e-57
18	-1	1	-0.0543763271648883	-0.109867554431998	-6.17079256369064	-0.756646869794434	-0.244911507458076	-8.78877326592999e-05	-8.97032716461753e-05
19	1	1	0.00691197485951478	0.127793215627754	7.59413742520512	-0.202232207529564	-0.544177823343354	3.52869694309224e-16	3.90434367462373e-16
20	-1	1	-0.0856472763589351	-0.374048239939347	-6.96274327227366	-0.365062285133401	-0.236041518042846	-1.39418856598378e-41	-1.73925772587494e-41
21	1	1	0.00246448735873717	0.0037630055731217	-5.8086569167386	-0.0572437244892949	-0.102695077748002	2.82180432813231e-05	3.14651162113747e-05
22	-1	1	-0.00445772426530144	-0.023673724254456	-7.41620321851844	0.177397111546508	-0.0412297313979337	-0.124197796363868	-0.136294319227479
23	1	1	0.000586208681507827	-0.00761715163345933	6.29700211074667	-0.0868574134113995	0.011710527554845	-1.13646979407496e-06	-9.90494676607762e-07
24	-1	1	4.86085835375016e-05	0.00306904727156621	8.21316322981713	0.144428649349299	-0.0824815694061485	0.243069490637177	0.236056318795172
25	-1	1	-0.0603505763065202	-0.166195901582869	-6.2663361504158	-0.285070753748339	-0.182643161074495	-3.02274820640888e-32	-2.55758278224209e-32
26	1	1	-0.00197610757207545	0.0191108056226739	5.43119466348172	0.0526980184907408	-0.0094077987196286	0.00651216135737098	0.00626639239656881
27	1	1	0.000362118190686767	0.112035287043733	12.7054981527363	0.185250523011275	0.505850283443653	7.4962466343916e-10	2.21493792598408e-09
28	-1	1	-0.00195606590005337	-0.354800477999884	5.44683533981408	-0.0744845672738474	0.609477054132029	-0.129062129182286	-0.127738695191609
29	1	1	0.050174362273008	0.10590321074411	5.40300894663646	0.547256392237898	0.0184982882417835	2.6534122856503e-07	2.73335814307862e-07
30	-1	1	-4.71176241367832e-06	0.00735030802202452	-11.0854398763494	0.00558083697196565	-0.356574208652658	-6.93744154067716e-05	-8.02993029137493e-05
31	1	1	0.0739113997116373	0.344012323693839	8.17178990000524	-0.559318524488212	-0.833289219438136	7.36288939444311e-07	5.4223263268142e-07
32	-1	1	5.23661453096791e-05	0.000749925283733077	-10.5574038591295	0.372428202198195	-0.0850732830034548	-4.5520227434312e-21	-6.67789421922159e-21
33	1	1	0.00876424069489667	0.0393012896696412	6.47821787129082	-0.00119059207070471	0.0641240486370993	0.00549568197764461	0.00539459160870335
34	1	1	0.121667076296806	0.986715920880762	10.9590306480742	0.45146673005654	0.071251785435793	3.69156316981829e-05	5.1309548591364e-05
35	-1	1	-0.0531344488321902	-0.0843187869695594	-6.00722662365744	0.0495241280117256	-0.108323177030611	-7.6770150364161e-21	-8.85248367660497e-21
36	1	1	0.0038437135933963	0.0326880648065071	-7.31692200073055	-0.991415609924598	-0.752329285876622	0.499770877666907	0.474715285946218
37	1	1	0.00136710549208996	0.0133586582817529	-6.76770746367199	0.175926852020266	-0.21223882661927	0.00294625859291347	0.00280307812111717
38	1	1	0.0182946937652507	0.0172107723038231	5.34508950239347	-0.129913244517535	-0.00250667380261049	2.83616690803931e-16	2.30702509294165e-16
39	-1	1	-0.128195432807009	-0.58112016118872	-6.09048476771838	0.255425192047189	0.449449912491001	-3.98749183692467e-43	-3.74296736828806e-43
40	1	1	0.00566066284639299	0.3707864700222	6.25549649800962	-0.538742306186247	-0.799506409972478	0.146915107882556	0.152191313651019
41	-1	1	-0.120215739189709	-0.525692504360158	-8.43609023190396	-1.16210128658388	-0.748771495492981	-1.65187703628342e-08	-6.76669780680672e-08
42	-1	1	-0.000160292434195242	0.00106336578550525	-6.16071692909353	-0.117670886339948	-0.118381863663727	1.84565467859615e-10	2.09630653308846e-10
43	1	1	-0.000789431914081096	0.0177725571969241	-8.22139123445741	-0.081143166348852	-0.0113737275861983	2.69851698501134e-08	3.63394381729614e-08
44	-1	1	-0.0005375711131127	0.000302252191980656	-6.71614811835582	-0.392759179403109	-0.0314806882612864	-0.127655800188079	-0.127599048407889
45	1	1	0.140252919668587	0.238606576345168	10.0489874157365	1.53004809230971	1.43520719679415	-2.49863302456034e-104	-1.74579626114189e-106
46	-1	1	-0.00527557413718593	-0.0162704807625946	-6.55629099075489	-0.0686795835416785	-0.00317574147105404	-0.00879841078152088	-0.00945299730349085
47	-1	1	-0.000931511099891535	-0.00899057450867602	-6.34526602144309	0.12511788013445	0.00625770559283723	-8.60108777550242e-05	-0.000103681820827289
48	1	1	0.00165853965564655	0.0266235054159232	5.81026446614271	-0.50370630847228	-0.154157430249429	1.72668478084419e-11	1.54106218824607e-11
49	-1	1	-0.0164159216795666	-0.0551008347750628	-5.71453236566814	-0.200925112485731	0.192963382603553	-4.69201566271578e-21	-2.672849929373e-21
50	-1	1	-0.0836517790329047	-0.125642271710888	-6.30024684015955	-0.241551535098816	-0.125291074601186	-0.000350516272626362	-0.000361273673532358
51	1	1	0.0676755648756329	0.129602781572114	6.12423173330672	0.193892013392725	-0.10359706473138	0.348482759242186	0.348568878348811
52	1	1	0.00348520105869754	0.0841122044157583	-5.81960515898384	0.0900140741737054	-0.256929602496523	0.0134112562824827	0.013616942032845
53	-1	1	-0.00320706237566259	0.00516052955442703	5.529604122212	-0.352328900397408	-0.109845290740509	7.31333968370827e-08	7.47041167788042e-08
54	1	1	0.00139659611546572	0.116071557758486	6.50867589748425	0.213048688108366	-0.397547415727974	3.42703430518749e-61	1.41878861356454e-61
55	1	1	0.00516716558487074	0.149110299040043	-5.57512210253404	0.216678355594853	-0.485289456455762	3.41169411593319e-16	3.93136725450939e-16
56	1	1	0.00236161647545663	0.0240528002542639	7.27535216714367	0.413407580338053	0.229248735780404	0.0175396313883701	0.0139691866357965
57	-1	1	-0.00668950909702781	-0.0961485751207185	-7.13036024035159	-0.603140421815022	-0.17439272515179	-0.207557995697035	-0.218359608928184
58	1	1	-0.00583138753146684	0.0612304980101221	-5.89023811803637	0.607791453708126	-0.108814016424414	1.91494967230866e-15	2.10292269818138e-15
59	-1	1	-0.0214395671219872	-0.0160778993153485	-5.80484516074412	0.0292313840478862	0.0047529974479783	-1.09937944781837e-10	-1.04966568834224e-10
60	1	1	0.0337144712214741	0.271475481457493	7.89293587685481	0.337787225255024	0.0257635412348769	3.38855537813232e-35	1.45620061662644e-35
61	-1	1	0.00170275258455133	-0.00148123565215741	5.74048956270171	0.0157208486587059	-0.00617465127528227	0.241550162468445	0.242321145491774
62	-1	1	-0.147007995893769	-0.738646951688127	-12.9180838434059	-1.00712568650579	-0.779360605808614	-8.89811151782232e-25	-1.11512495233713e-20
63	1	1	0.150237049706665	0.970316392919019	11.660534822706	0.443056767979936	0.67297701560639	2.58603126008283e-20	1.78551368464332e-20
64	-1	1	-0.0121915496069367	-0.121428095886312	6.86435256636415	0.0767430472479447	0.509690604797822	-2.33761691656995e-72	-1.63935354286822e-72
65	1	1	0.00182945531737722	0.0338921857886589	8.08426182364647	-0.135955042783264	0.217323767661393	1.77656741799272e-12	2.5110444251444e-12
66	-1	1	-0.000695540168862863	-0.109577336238653	7.90285204426126	1.02565476583709	1.65933068837855	-2.78304007038925e-16	-2.61366344771508e-16
67	-1	1	0.000155122588619272	0.00286272003022603	-6.26800335068963	0.112153441799236	-0.108876262183626	0.0211557475982393	0.0217688236959542
68	1	1	0.000149098833351902	0.00284983808395722	8.588972358158	0.102875218977854	0.221315920867946	0.761846546844657	0.763881322805162
69	-1	1	-0.00910514311678801	-0.0212660986230464	-5.80855174052311	0.162492510055733	-0.0724903506587768	-3.75982387970797e-05	-3.73580141177142e-05
70	1	1	0.000996157481454429	0.00642787576514081	5.65950565337695	0.0799013578947978	0.090091004546295	-0.13783614478514	-0.139931361210496
71	-1	1	-0.0435906269560737	-0.131298014952115	-7.62273970616546	0.0715738448833694	-0.276872887977978	-0.0340345121587158	-0.0343820325107173
72	1	1	-0.00213320435166009	-0.00447277087065601	6.158151834315	-0.409670300147527	-0.0240531074896513	3.44054680146346e-05	3.27063208927534e-05
73	-1	1	9.96569445125273e-05	-0.0371250290006468	-7.07061865573939	0.315469730320718	-0.121720924578019	-1.9226880698188e-07	-2.1526363108748e-07
74	1	1	-0.00024348003005159	-0.00228651045354056	-5.52810053717845	0.390518446703162	-0.0537415126052849	0.0358398805811911	0.0325212176314579
75	-1	1	-0.0297622991431595	-0.0583751262832717	-5.77317335138225	-0.222824627678508	-0.15552776221303	-0.0090149732383559	-0.00780199373612779
76	1	1	0.072334731579871	0.229545322970406	7.85162573517377	-0.377428528971256	0.360021766296454	6.47831685695983e-31	8.3905607617368e-31
77	-1	1	0.000227419909875515	-0.0116889488895477	-8.20214466742759	0.294428235773422	-0.399490892699342	-0.0172349464745326	-0.0162386616996053
78	1	1	0.00137588430666624	0.0656742819472882	-6.00394282647865	-0.0910325293906151	-0.313490487838806	9.59688387468087e-05	9.28652965100304e-05
79	-1	1	0.001349159581851	-0.0146557550784774	-7.46764526311566	-0.214899817497459	0.0965571855698997	-1.36031561357383e-05	-1.64661045442899e-05
80	1	1	0.00971373031199241	0.0115821036228212	5.64899336799808	-0.110126389834138	-0.0507164134910809	-0.00716978563075995	-0.0066099700284538
81	-1	1	0.000540724920404245	-0.0114138534435195	7.92738904529312	0.245220798624048	0.0343784597702665	-1.50615231373821e-07	-2.12499622589223e-07
82	-1	1	0.00103210000098075	0.012916632366279	-6.27181142320972	0.0991792873680009	-0.0416037292497577	-0.00139162160942896	-0.00140709684853084
83	1	1	0.00696708273818836	0.199841508571099	-5.85057449340585	-0.612387342770054	-0.653437237515483	0.000201233782331487	0.000172671913822085
84	-1	1	-0.00788924908768596	-0.0114609497760245	5.58557350853607	-0.0355578343125291	0.00574471386723907	2.18466829683077e-23	2.12411221182825e-23
85	1	1	0.00343650939107187	0.00841315801653231	5.57924170518246	-0.0892174368612597	-0.0247471816785367	-0.11345624908772	-0.111731910581131
86	-1	1	-0.0283904830245708	-0.0615361248834851	-6.34974365337406	0.500937803996608	0.177217841441081	4.6376817886931e-38	3.53982550087953e-37
87	-1	1	-0.0137522801369226	-0.0254412847312118	-5.20399430203112	-0.00292426511748545	0.00532045256910862	1.18959849651426e-80	3.31554750915967e-80
88	-1	1	-0.0756027282014069	-0.220524583083195	-6.67604904819967	-0.166559359433499	0.0622437165845202	-0.000698301228064113	-0.000634671893913871
89	1	1	0.00588824871247373	0.295794357172413	5.91385582429761	0.0310523299445915	-0.538545539511212	1.43674761663819e-11	1.50694055036035e-11
90	-1	1	-0.00250574272476101	-0.0178567454021952	7.89218231609086	0.519952746755528	0.290589632832122	-0.000248901448763165	-0.000220018380590581
91	1	1	0.00254527265134163	0.115722967963682	9.33659344524698	0.115120523094259	-0.0326168217104392	6.60185117257503e-25	2.64033797459226e-25
92	1	1	-3.17801949586416e-05	0.443931823917577	12.3130002821936	0.315104445108169	0.253179145824005	9.4031943273583e-38	1.27191997118894e-37
93	-1	1	0.000630626062754436	-0.00035292885771554	-7.67900374323022	0.0386564019135598	-0.28141826519775	9.03770355044762e-20	2.44330628713309e-19
94	1	1	0.032178228285385	0.0483484584410192	5.97575538167165	0.582401214183617	0.316150449524836	3.76893711547248e-20	2.62491429565698e-20
95	-1	1	-0.0364068194793602	-0.104779933351521	-8.63256240849821	-0.151374377035665	-0.454138293382016	-4.00061001930865e-07	-3.41004294037055e-07
96	1	1	-8.5399081328319e-05	-0.00842793598526548	10.3220375709423	-0.280875694397293	-0.0516836820733726	2.13215003620376e-10	2.46662723431919e-10
97	-1	1	-0.0401805567282882	-0.163780564406629	-5.59316539162435	0.00866989658195472	0.0441822380733257	-6.6123027335517e-28	-3.76382333619729e-29
98	1	1	0.0288795535284206	0.0958991663158315	7.36239291265722	0.133628711281705	0.295094351089665	2.01127665869871e-22	2.88994391267735e-22
99	-1	1	0.000197465190014401	-0.0126868501070625	-8.50478204216276	-0.0422501197059262	-0.0434493261411131	-9.84159031703378e-07	-9.40944594796282e-07
100	1	1	-0.000198257025541881	-0.00213030843540984	6.62604599350153	0.0270386509380636	0.000378082584633788	-0.00745513618906741	-0.00756372314788109
101	1	1	0.00160555362512937	0.0104439136852061	7.577981355685	0.376681131980911	0.261538012767334	2.6767540168949e-05	2.86558322256546e-05
102	-1	1	-2.73672935424685e-05	0.278457761602802	-14.3381715749825	0.33724279202046	-0.0420695132633711	-3.51854014352933e-29	-4.3938066002244e-30
103	1	1	0.0652185429706083	0.0874728287071154	5.96004792059013	0.355018188902017	0.0989755997357342	0.0481685304787104	0.0488521959275838
104	-1	1	-0.0371640267147038	-0.228079177373543	-7.09873834360615	0.264698165704619	-0.0396008954880216	-0.00180002503660944	-0.00200983294715742
105	1	1	0.166423668107512	0.31569611986526	7.33636586804128	0.476357575666135	0.336301502360838	3.59431442785718e-34	5.10442438239581e-34
106	-1	1	-0.0194042188168242	-0.0425591904799063	-5.60705778677941	0.0551283057990908	0.00148291236403075	-0.107300838674352	-0.111801197963339
107	1	1	-0.00275158752978222	-0.00100266095081913	6.20156734672955	0.238509662250173	0.0583725911023372	-7.99036986532364e-09	-9.5413917371699e-09
108	1	1	0.0448074745200839	0.191388646088155	5.2424247655499	-0.057336041986245	-0.336710306594858	5.00890571574745e-32	3.8447017640824e-32
109	-1	1	-0.00140672821791199	0.000544357769065584	8.36657310969711	0.232669315102301	0.207868217576905	-0.0022597508124816	-0.00310041044627856
110	1	1	0.0186251756319781	0.0265928855393565	6.35549287028482	0.302025472212582	0.198084887273719	0.000771189465977701	0.000686790495025075
111	-1	1	-0.00551455541111989	-0.0455336278209995	6.34034799275281	0.0554519515977105	0.275732152669198	-0.0896105892795455	-0.0922174718550651
112	-1	1	-0.000427530323120373	-0.0503934762004263	-7.35202497042979	0.28509330938201	0.0366879251976631	3.06054777216464e-14	4.16222094706549e-14
113	1	1	0.00342607449543619	0.019911686764468	6.08299732544902	0.117473075949908	0.0871831705672559	-1.93217890282681e-09	-2.04951536748709e-09
114	1	1	0.0276968819586719	0.0965998301018018	6.25757326428216	-0.0821681304370117	-0.0628864480318629	7.51449091770591e-23	5.86180687730855e-23
115	1	1	0.0029060189223491	0.0562688985433759	9.4353514861253	-0.155253833047665	0.355448219667949	7.0511390508742e-09	5.87514500402125e-09
116	-1	1	0.000344252093100295	0.0206788016680868	-8.12290538148557	0.0836672078306417	-0.0397924665116545	0.000137211128810249	0.000158726549750608
117	1	1	0.153403285101588	0.969514435118956	7.37167998588122	-0.121443962939713	-0.88569267891952	0.05564593834922	0.0534359075751765
118	1	1	0.0904078352568661	0.675938987879471	6.71476956970839	-0.18307807832227	-0.784275456814015	7.14583965369692e-27	5.40506944333986e-27
119	-1	1	-0.000249797901206272	-0.0226108466072734	-8.94701184975679	0.0785873343199288	-0.0319781464416007	-0.122068184826861	-0.117691773157456
120	1	1	0.201465066101191	0.941624289853097	11.2232041386812	0.900066983167045	0.709430342222126	1.33465256551927e-41	3.10095928258482e-39
121	-1	1	-0.00273374137994387	-0.0400063269621285	-5.621234224715	-0.0442407414405768	-0.118655881687685	8.60693562722322e-18	8.76308885845086e-18
122	1	1	0.00671211571503838	0.074966707746114	8.17711052053286	-0.47058921205368	0.11546658757652	0.0723163973700137	0.0658827340800933
123	-1	1	0.000303000920930607	0.00314177217181566	-5.94071807870161	-0.132603673973827	-0.0360759833025082	0.134838278723727	0.135357293443228
124	1	1	0.0363227437909709	0.0542557958086523	5.40316269161517	0.389808552027908	0.027755755281591	6.2864709950153e-27	6.10972495265374e-27
125	1	1	0.00236505645173479	0.00593603102391604	6.56443009552248	0.0704328747061176	0.0710843768873861	-0.000300264937553831	-0.000252917408293732
126	1	1	0.000420059174258358	0.00477889122347719	9.63186145668509	0.225014685010139	0.177479328199045	3.55342990534786e-24	1.91622672704784e-24
127	-1	1	0.00250354256859653	-0.0142470395929877	-6.56990420369532	-0.272746286305443	-0.299114278506286	6.74195221931634e-08	7.18080204892658e-08
128	1	1	0.00812885721811829	0.0331880754179377	6.40023074846267	0.0244850293487424	0.0818084787613635	0.32806753395395	0.311780759322213
129	1	1	0.00158529544433528	-0.00269865933512392	-6.34414577442987	-0.198392290674335	-0.14207466335502	0.282404960594976	0.283119828166364
130	-1	1	-0.0060539787663082	-0.0164987536192953	6.89486264997031	0.122310910240376	0.355466660801399	-1.81920499303244e-07	-1.06289140785961e-07
131	1	1	0.00010189010001227	0.0256201924159658	9.47940569415064	-0.283850634507287	0.201429133792919	-8.4282121452438e-19	-1.05100614682805e-18
132	-1	1	-0.0100780682023554	-0.348662099570793	6.4706477538948	1.36033662873519	2.32898688614712	-0.00509128962432605	-0.00549119618591173
133	1	1	0.0013437048178262	0.0330076639843107	-9.01527912321838	-0.1306940141172	-0.266898063587583	8.94729694839513e-09	7.09450457490505e-09
134	-1	1	-0.00170682548628409	-0.0522006911013086	-8.30748455881692	-0.259469399581848	0.0429996138328175	-2.72409303100018e-57	-3.10519339316875e-57
135	1	1	0.00215358683282674	-0.0228269050582348	8.00283061911956	0.285705878737904	0.14483438442744	1.20804336021063e-15	8.92875736681921e-16
136	-1	1	-0.196248993776893	-0.518205797546873	-9.34632803794706	-0.466437891451804	-0.61705394987276	-1.46473496911871e-79	-1.78244412207696e-79
137	1	1	0.000164189258591074	0.00910584154217986	7.68019807723746	0.0155628551159364	0.227125963213922	0.478445537106866	0.477267665089359
138	1	1	0.00239925097042715	0.00714215421207243	8.12637126051245	0.0511223809262074	0.0123278194471705	7.04311088439898e-05	6.25566035494599e-05
139	-1	1	-0.0339430775278363	-0.0687448788254699	-5.53055794727348	-0.110845280245439	-0.0531044233814537	-6.73470428229869e-06	-7.57419743978553e-06
140	1	1	0.00246350615815283	0.024165508579042	-6.3255275588262	-0.902761210197024	-0.297953394518828	0.750750012011779	0.751658950342434
141	1	1	0.0312948355689227	0.0960260427843842	7.0230096280577	0.756091135699331	0.510598974669675	4.12806472256831e-08	4.97114667872591e-08
142	-1	1	-0.00360148583911701	0.0124932655182022	5.39900149517551	-0.0856443622285585	-0.00388648313989925	0.0201924049849345	0.0201571139990732
143	1	1	-4.22345206967378e-05	-0.0155736782002016	10.003266080172	-0.644673726201516	0.370611446527862	0.0404106338897217	0.0355680315298928
144	1	1	0.00860357135928991	0.0426607903281617	5.51172028434141	0.277424074557487	-0.145034656980938	0.00065964731404237	0.00066112361843652
145	1	1	0.00795258147516853	-0.000796979691365607	5.61293962600161	0.0592899580947588	-0.0637380351433485	0.0612803645389353	0.0614168639198349
146	-1	1	0.00239468021166911	-0.010486076376603	-5.47417952600253	0.242624607502274	-0.0362925494208444	0.000609334602372402	0.000608013423734256
147	1	1	0.000141713387611042	0.00445400031052756	6.53013968173376	-0.293689672272555	0.0258289495719843	-0.191340100820431	-0.188322191610201
148	1	1	0.0521406851559849	0.0190091966048307	5.51063223497434	0.273251824555995	0.0579809395289086	0.469605618759553	0.458181132865585
149	-1	1	-0.0884748766869021	-0.191236037546217	-5.67916150145706	0.24495134378148	0.336809300845941	-1.30913745123295e-11	-2.24568604862237e-11
150	1	1	0.0111175217678804	0.00368885032932553	5.67290865117259	0.150986812415038	-0.0847425029959457	2.96234695722922e-07	2.58927008700648e-07
151	-1	1	-0.000884542133559929	-0.00136823130475072	-6.10719017055775	-0.07498483252804	-0.025776807030887	0.317059196802287	0.319036442970046
152	1	1	-7.10816955288296e-05	0.014212582562612	-8.80616330275136	-0.122608604254676	-0.0521434877637663	-2.18358656109944e-16	-1.94968192702774e-16
153	-1	1	-0.117109943204673	-0.550301324546398	-10.3414374714442	-0.806090474158841	-0.843577495755259	-1.02299053607237e-22	-8.96294669765584e-23
154	1	1	0.00559649836029386	0.0100616092104069	6.03169301974346	0.111723900079845	0.0730758949942309	1.24294987569822e-07	9.71261221934893e-08
155	-1	1	-0.102203996365004	-0.522157210044883	-9.29927821807552	-0.114073275495093	-0.368512222500595	-0.211990145304613	-0.213543736173038
156	1	1	0.000263078670977746	0.00134559165761416	7.26125596829266	0.166448942627479	0.0245946905099714	3.32233584891565e-13	2.73136481220088e-13
157	-1	1	-0.00479646986980309	0.00346548483769205	-6.23407990741264	-0.339033316056002	0.0191283359607102	-0.00316408004377654	-0.00328897542800902
158	1	1	0.00216467572344581	-0.00078857412067812	-5.68563228427758	-0.0596331294180246	0.0654568039981918	3.75477467002651e-12	2.89177026730149e-12
159	-1	1	0.0015989924227281	-0.00814682139685452	5.47700962905426	0.356067684597068	0.0711145681779914	-9.64647793217804e-09	-7.97406511781142e-09
160	1	1	0.0093805701456422	2.40382836211457	9.10164289938537	17.2189845736766	12.0109972542281	0	-8.12387365288859e-300
161	-1	1	-0.00359421242752056	-0.107082531141375	-9.45616136786352	-0.107469555776746	-0.354104019269339	-0.000311230890544383	-0.000340864918563343
162	-1	1	-0.0567594872088533	-0.131483268345264	-7.09567915789118	-0.461343964412878	-0.478038595892691	-4.36936630546756e-15	-4.6737446769612e-15
163	1	1	-5.55282270341406e-05	0.000695378620969578	8.84084514615716	0.132487367081458	0.0325310960462843	0.60812257152454	0.609458515043583
164	1	1	-1.91771170772181e-05	0.0346628747566093	-6.74253717403951	0.30556342588025	-0.248478400098124	2.51894195184779e-06	2.74082818353053e-06
165	1	1	0.00190834305653242	-0.00548138610380278	5.88150637225349	-0.150978729315465	-0.00563698296475934	-0.183794413306471	-0.191961410014714
166	-1	1	-0.0153278174878703	-0.0324153894971886	-6.39279972275019	-0.285493914536922	-0.242074958226373	-5.3644575556424e-22	-6.15981000557292e-22
167	1	1	-0.00412269450767977	0.0338240109850858	-6.31447967662463	-0.517384095657288	-0.484716476855771	1.02746039792916e-10	1.20675722527165e-10
168	1	1	-0.000251924265183168	0.00766728134487238	7.79518942804614	-0.0593793510098326	0.0714863446183376	0.0275745825705221	0.0277424183958844
169	-1	1	-0.00841175322422116	-0.0634829898196454	5.8911225941632	0.228187419576049	0.402339138636975	-0.742570445104939	-0.74229457933306
170	1	1	0.00023411349696012	0.000660082376981563	-7.07098875132695	-0.0128173462977141	-0.0050572427349671	-1.03558462233044e-05	-7.35795264871979e-06
171	-1	1	-0.134483160277362	-0.237215519356873	-7.02889932079149	-0.744343409476105	-0.365306865538379	-0.471614542306932	-0.468346376956809
172	1	1	0.000961523218472204	0.0409555418860457	9.38269597176842	-0.436747667278141	0.0753212406608217	2.16843703973461e-17	2.89080841340299e-17
173	-1	1	-0.064628059116412	-0.107092202539096	-5.99810354884643	0.045164808927316	-0.194145557845822	-4.79801278928369e-08	-5.07292955442516e-08
174	1	1	0.0109090754756755	0.0382740148466585	6.40180801477431	0.0137661131359668	0.127373895875364	0.00153926392624798	0.00138604320241651
175	-1	1	-8.04482754973579e-05	-0.0434971445315089	-6.96292597940754	-0.863149168858511	-0.500686596103218	4.39790288278206e-17	4.84164654428777e-17
176	1	1	0.137068044029482	0.428385603042001	8.29967088705278	0.657604033652952	0.360930851496043	1.74601465562475e-24	1.90402789728822e-24
177	1	1	0.0194712768119942	-0.00355636980057561	5.37952289389754	0.118422120303503	1.57682920054469e-05	6.42693383622523e-05	5.37867318436168e-05
178	-1	1	-0.0029154838630252	-0.00624361128598494	-6.59613103385783	-0.0229251368118231	-0.00346836308270859	2.18136573610299e-09	2.13482388280421e-09
179	1	1	0.0766337689875429	0.170564016030424	6.30437119219428	0.395235573677814	0.252465697543064	5.04962695390671e-14	6.00119796066896e-14
180	1	1	0.00736207602612049	0.0310031423606372	6.17296727053176	0.0583710433126612	0.00375537151298033	0.00149896778513204	0.00146021545653606
181	-1	1	-0.0014673316229612	-0.0611339849482224	-6.04495967513385	-0.0955164694515531	0.00526821521857812	-0.000408224630874749	-0.000401078815958258
182	-1	1	-0.00915674714861159	-0.042532641681337	-5.84631901426884	-0.32266909597953	-0.107834752261043	-5.89702500460233e-17	-6.95426515268352e-17
183	1	1	0.0502333520155454	0.09047882516969	7.71037999811177	1.10873519354691	0.79908778797461	7.96077977622424e-06	7.9555565072366e-06
184	1	1	-0.0136288992774293	0.0804581097835388	-5.88656801210156	0.112564185734264	-0.238144456195688	5.26766964413559e-35	6.06850940668276e-35
185	-1	1	-0.00319920559299436	-0.040225947899728	-8.61743444841712	0.44048898013164	-0.114861611164033	-0.0420668901283691	-0.046424873967175
186	-1	1	-0.00342772917555678	0.00626991792898401	-5.84246325715199	-0.152155012932546	-0.212438783341618	0.00747347196862273	0.00666786369451585
187	-1	1	-0.00173759370837645	-0.0084932280986223	-6.63365500460116	-0.14975194592207	-0.139831572238506	-0.196717910315953	-0.194700448119272
188	1	1	-0.00195225897157947	-0.00818682945377347	5.48654940977246	0.273686777977648	0.175737388615428	1.59742555598416e-06	1.59356132652585e-06
189	-1	1	-0.00576409457732863	-0.0106102877182597	-5.560623416407	-0.115866049402857	-0.0841824790456549	6.00263233069381e-11	5.4353062365934e-11
190	1	1	0.0695960990877253	0.077135332718786	6.08382133884463	0.59340846214581	0.15772402575594	2.38765101020884e-09	2.54735988372518e-09
191	1	1	0.0011281399855928	0.0214319032886756	6.85273894012806	-0.187694420435635	-0.0692905023177666	1.9885461192538e-63	1.71696641223172e-63
192	-1	1	-0.0170374377625001	-0.189267663030995	-9.0133045592419	0.169479231041313	-0.1606017644323	-4.20472788692829e-11	-3.87454417897527e-11
193	1	1	0.0093677721035853	0.156897809569521	7.44945771806797	0.492026008707407	0.0118304420976099	0.294437616990876	0.291552485014543
194	1	1	0.0344962673890671	0.0561140934979019	5.87036685355396	-0.0755274777221722	-0.0439104968642283	2.68905423680942e-08	2.71367420680074e-08
195	-1	1	-0.0024883372096195	0.010348136677921	-5.66811268384205	0.0493706434230425	-0.0739775581803386	0.00501739509132152	0.00515615611308289
196	1	1	0.210888023732891	0.0409770879208153	9.54404899745677	0.449815758724155	0.789939561757937	3.56974994220036e-32	3.6775728665684e-34
197	-1	1	-9.65849856533474e-05	0.0693920950868776	-11.9349299435932	0.33316296426932	-0.145245333801761	-1.11053408341216e-10	-7.89296097997911e-11
198	1	1	-0.000598017535211159	0.0252180050960256	7.48226020374297	-0.162677502508851	-0.0480291283271761	2.13165455859876e-18	1.92325628216177e-18
199	-1	1	-0.00603044104405825	-0.0521570287905302	-5.33248276234559	-0.359240685671008	-0.039971597835839	2.58280056436336e-25	5.56463380928929e-25
200	1	1	-0.00044086342887939	0.00502612374100941	-8.13956777341952	0.184853390359011	-0.0022853882598266	6.89133608497165e-14	7.32963066065125e-14
201	-1	1	-0.00387202284567378	0.00478425079344014	-5.54611638297229	-0.19042168072836	-0.0398817098730344	-0.718881426661252	-0.722097882581423
202	1	1	0.000415057582518141	0.00442684060835141	-6.07263245076859	-0.416615408296339	-0.122277587587233	-5.99292710366983e-06	-4.92743829981696e-06
203	-1	1	-0.000344895869778483	-0.000204759182457437	-5.76141083115943	0.242258927494969	0.0406732379476349	-0.439052686928085	-0.439987189028331
204	1	1	0.0069024280561516	0.0296278778004631	-7.05322575909359	-1.21418984799499	-0.470740063546167	4.8895382611353e-06	4.88444078753016e-06
205	-1	1	-0.121671246439312	-0.168127659646659	-6.50977784056408	-0.0983554414624166	-0.260281318875238	-0.000859475520134668	-0.000867796238784161
206	1	1	0.000529758985720719	0.0226875661746444	6.90471584408745	-0.16432266222488	0.068113911305888	0.0335806721334321	0.033244748394201
207	-1	1	-0.0493218883820655	-0.24169956708338	-6.64884658340109	0.486603790279053	-0.213947363400836	-1.903491659677e-35	-1.22165399877915e-35
208	1	1	0.00194468447367024	0.0149069039563177	-6.07180981846336	0.0654682986208091	-0.11251441584953	4.15077305065919e-14	2.43450201026184e-14
209	1	1	0.0287743476660199	0.317016790670591	5.4963111695334	-0.0848597186494704	-0.532548551787384	6.86603516206672e-10	5.21049010296653e-10
210	-1	1	-0.00752365311719927	-0.00076320561573695	-5.83987888082837	-0.293318829686488	-0.0746884905279792	-0.817956880440115	-0.819127844932288
211	1	1	0.00348518841966561	0.00612977200528597	5.66438617668824	-0.320600228988601	-0.0503951574964692	-0.00233085455718644	-0.00280056828740084
212	-1	1	-0.00405203412673927	0.0181299884964563	6.7185846137416	-0.126136726271238	0.122165443249893	1.8871994762219e-17	2.10721149942288e-17
213	1	1	0.000658179290744632	0.0200596851365589	7.74438260175734	0.158198813615671	-0.026672678751936	5.25033334853375e-07	6.07691779774593e-07
214	-1	1	0.000327564385900758	-0.00589831256998963	-7.43759852796449	0.298762409327525	0.0151650604418112	-0.326283214289964	-0.326617365767947
215	1	1	-0.0400991709855461	0.262942230674527	-5.31039391662771	0.672754283811281	-0.316481779048711	-1.17199027862882e-44	-2.86140517532555e-43
216	-1	1	-0.0298790206525904	-0.0229160899357517	-5.42279264197869	-0.149414773902265	0.014344127797381	1.02874799224605e-42	4.67312571885165e-42
217	1	1	6.03643726291292e-05	0.044506136447044	6.19266011085529	0.304186768662699	0.143541330480957	-5.88135478367313e-18	-5.33745762464398e-18
218	-1	1	0.0014327792532427	-0.0148569272355132	-6.11238527009454	0.0222334869997738	-0.0324239339998904	-0.0144415688097712	-0.0142780289133303
219	1	1	0.132839777616502	0.812243576129892	12.1822698666548	0.354689811593385	0.819431267868893	5.0536132711548e-34	1.91663882576113e-34
220	1	1	-0.000925829852720272	0.00443779039878756	-6.45471882706009	0.0708027739726607	0.0159518018956106	-1.69387834399188e-05	-1.73823074991558e-05
221	-1	1	0.000542106553976462	-0.00687012568463352	-5.69276634554205	-0.0672250250744533	-0.103447590647404	-0.112506834527142	-0.11662391108911
222	1	1	0.028350077070735	0.0633906737613295	5.39247786320473	0.206624646332042	-0.000572155779838823	0.0466507888064763	0.0463541261763006
223	1	1	0.000144677451565767	0.0102650399749464	7.05005360897499	0.0424861955691824	0.113081494402499	0.0314224523965261	0.031422091322583
224	-1	1	-0.00649047705639472	-0.247563080637102	5.27113022472676	0.195195444380523	0.477656780912215	-2.56958126400478e-74	-4.37945540266542e-74
225	1	1	0.0535117747848022	0.44139350535276	10.4927372885225	1.92118797237603	1.63793851472844	1.4879875987283e-199	4.70104875230442e-199
226	-1	1	-0.00523683857355117	-0.00683794538707616	5.68593768090972	0.438786157000299	0.31346540131095	-4.07249309873803e-05	-4.96917735479548e-05
227	1	1	0.0284123617041395	0.156417964386478	8.31026626861365	0.345788851925045	0.409387261639418	2.87295491888455e-28	2.98456839869537e-28
228	-1	1	-0.0076383688657784	-0.00579003673345468	-5.78309859413039	-0.0502857151592622	-0.0936393399397559	9.54640186892982e-20	1.07490293318317e-19
229	1	1	0.0692964164581076	0.0510153883765234	6.22369445729505	0.573286111916405	0.397808820857273	0.0129477447086676	0.01284684014099
230	-1	1	-0.0105389400582379	-0.0422831065093039	-6.92457373901888	-0.580292303049337	-0.172727127104888	-6.18953608303245e-18	-5.10525775471086e-18
231	1	1	0.0225089114397862	0.0358563079405343	5.60095477181164	0.108612940288014	0.0722444488721568	1.70991921728179e-06	1.99127330283457e-06
232	-1	1	-0.00776449832831438	-0.087394680952789	-6.42883771524007	-0.37391495885198	0.258535477984877	-1.24913000206404e-13	-1.12864751998521e-13
233	1	1	0.00364812040639417	0.00598789446027936	6.57731745131868	-0.242119163338399	-0.035044959498963	-0.000335628900527714	-0.000321101229126383
234	-1	1	0.00297432735610415	-0.00188216355645565	-5.55843528273243	-0.220689055973574	-0.00196180408344659	0.0579045721693098	0.0555088061847062
235	1	1	5.20112994191191e-05	0.0903125690859508	-8.19428646601592	-0.672863541740087	-0.569731893002908	2.82617694624924e-25	2.75219701031803e-25
236	-1	1	-0.0700867588081154	-0.393171385398666	-9.33178707390852	-0.612885749914861	-0.642839885004916	-2.83324271155268e-09	-2.18953668621677e-09
237	1	1	-0.000536736548601424	0.00743747843565856	6.82788653011174	0.105464990409127	-0.029162938783319	0.00217888803376188	0.00223093666341891
238	-1	1	-0.0395639463954763	-0.0747173537873369	-5.37433020119843	-11.399927716797	-8.82601390424603	-5.47961805361567e-05	-5.47134457600717e-05
239	1	1	0.0465402917260511	0.437560217549718	6.36516181286732	-0.0510790957501701	-0.576644847079464	4.41462852372131e-11	4.97567229199864e-11
240	1	1	0.00397027919338477	0.0268120850102811	6.02548663807397	0.406840478151624	0.134284842226213	-3.26997785292318e-10	-3.83914898733574e-10
241	-1	1	-0.0438893991962235	-0.109643936979772	-5.96529448447968	-0.1858701951463	-0.0152371811532497	-9.56172156696003e-51	-1.01424861536189e-50
242	1	1	-0.00182707816124328	0.0188789674086074	6.36069023727189	-0.442416565016664	0.102198705594931	2.50599840798494e-07	2.99605746049177e-07
243	-1	1	-0.0758663158473647	-0.181491184970819	-6.17751716969171	0.091543725554164	-0.0406681500510668	-1.44823342833214e-44	-1.24752121334846e-44
244	1	1	0.0397724415255348	0.0610981035380114	7.65049712765938	0.540642976664058	0.499243375345742	5.35405228089418e-13	8.48084061609695e-13
245	-1	1	0.000705274143072421	-0.0195085503902064	-6.49767716455193	0.153872435374312	-0.0670336008746659	6.17841767919075e-21	8.12259588419287e-21
246	-1	1	-0.00441749865702634	-0.0601101802636865	5.45998899842908	-0.0709876229336412	0.129449255073986	-0.206722757243784	-0.195323214444482
247	1	1	0.000989481379070623	0.0800336615632844	9.00839079015184	-0.26496407243982	0.0263952580919966	2.4698970048813e-25	8.08484786782591e-24
248	-1	1	-0.0134242349160144	-0.114150257060285	-5.2739293622523	-0.608693476028325	0.328177324279464	-4.99765610912465e-40	-4.34852753076252e-40
249	1	1	0.0747877584764172	0.360220984681042	8.15952536138845	0.444660385433876	0.453113937414328	8.90264212181243e-39	9.54418770749746e-39
250	-1	1	-0.0259310990990385	-0.182146462701533	-6.25802587504544	0.409822386986539	0.704486546200076	-0.0309959211864096	-0.0302849021464761
251	-1	1	-0.100882793228674	-0.808562989431859	-11.0401970952971	0.0714456252552225	-0.411251916233883	-8.6162789750714e-08	-2.94119182995674e-08
252	1	1	0.00181541454620238	0.00523651291397087	7.03572399656472	0.206300396300211	0.0710156146387586	0.0010586395107411	0.00113389968503482
253	-1	1	0.000674320077187041	-0.020089210642416	-5.94661453765771	0.212290010950582	0.0120355770342435	-0.0057430956053864	-0.00583190646476889
254	-1	1	0.000131201367931433	-0.00416059937724711	-7.94643040259102	-0.0734001095725123	-0.0560505124921136	-6.34866498422724e-34	-4.87706409964747e-34
255	1	1	0.0319867743197921	0.20450673059829	7.26483083674047	-0.425299727758603	0.125660669176854	0.0367822385601974	0.0360305841206308
256	-1	1	-0.0174095747782915	-0.111765116802601	-5.56835983569266	-0.417898744711479	0.0421842583479872	-9.41925826195369e-15	-8.28306948239165e-15
257	1	1	-3.65393571342132e-05	-0.00309971213081717	8.89744665218539	0.0211947388671732	-0.0697475051658039	0.0327622320548545	0.032075829096762
258	-1	1	-0.049896791973445	-0.637955797781363	-10.068739976737	-0.376936079347869	-0.0510220467664659	-0.0297205451973265	-0.0315000248199581
259	1	1	0.00145329123418125	-0.00287311967452375	7.54014550827264	0.312151405232251	0.173729009021795	0.0124085811780092	0.0130882203444516
260	1	1	0.000182834275269106	-0.0380534771917951	11.900837714847	-0.0382919897337111	0.112275862495821	0.00303883632283349	0.00442199015654111
261	-1	1	-0.0306882598663112	-0.0594819059470755	-6.15607997058506	-0.611103798083771	-0.254441463164218	-0.067452925086897	-0.0656241643895274
262	1	1	-0.000360855303413343	0.00462800846390365	9.73704873208638	0.280869017588071	0.0699215804484687	3.40800245721444e-36	1.47795907289401e-36
263	-1	1	-0.0136190164764847	-0.0243854938468306	-5.49294708860332	-0.219303762108737	-0.124442577563554	-1.21062934208478e-08	-1.44005957184319e-08
264	1	1	0.00352332502821417	0.0102890952194006	-6.38437230652644	-0.329470093422108	-0.010447516272535	-0.0185255086218522	-0.0192281134555088
265	-1	1	-0.00290752446614972	0.0170773880614217	-5.53327439116713	0.0293698763179577	-0.0768648388260527	0.00142252158355806	0.00150663394531286
266	1	1	0.00331944139239715	0.00764231545438143	5.3146721575817	-0.184553087314535	0.00724031609718523	-1.27952972709158e-14	-1.36048165634569e-14
267	-1	1	-0.00105668673865611	0.00323259723399616	8.60306214826998	0.0802289972759151	-0.0345590344417666	0.0134874396565107	0.0143235982857045
268	1	1	0.0102849798530967	0.110935704003504	-5.64327093412303	-0.467627642850498	-0.458663631901416	0.0112720388373136	0.0100362843879612
269	-1	1	-0.00178543981190715	-0.047332970674173	6.1701783947634	-0.235034086607405	0.0972334963355017	-0.0319478260385358	-0.0344556077038733
270	1	1	0.0993280678564061	0.300994726561195	7.72488448277006	0.584711071319797	0.301077905988572	8.72093395269392e-10	1.09873272904971e-09
271	1	1	0.000159308314604978	0.00222166474423346	-9.26968577184483	-0.37431928694544	-0.0931627244965725	4.15303851077734e-27	4.22610493462048e-27
272	-1	1	5.136422613361e-05	-0.409528956446445	-12.1449757974552	-0.641074506497608	-0.547729442528061	8.48411571450883e-84	1.11089263084241e-84
273	-1	1	-0.000209075057209573	-0.0257057773494864	-8.4274581576977	-0.158303269231794	0.0330740079389393	0.00362967430193671	0.00395086931864614
274	1	1	0.00734201764183762	0.0474162804913991	-5.35604074902218	-0.0247280969958705	-0.122297636564211	0.0798296313521789	0.0763258520243644
275	-1	1	-3.63263174985029e-07	0.00659727342353911	8.82787648801674	0.0413914557776707	0.0128342231158118	5.97854250425296e-17	7.70171777196426e-17
276	1	1	0.0854852245320242	0.212707802185074	5.88599984354781	0.42913894912861	-0.136432897489742	0.516778863469523	0.507969166011627
277	-1	1	-0.00670212160136774	-0.0702030732260859	-6.8473180729144	0.023963869563655	0.30867286322883	-0.0531718513034893	-0.0516715410371219
278	1	1	0.00162443589343741	0.0422355844966393	7.34704582367436	-0.386520435670565	-0.122720108871544	0.0180609249319995	0.017701260394987
279	1	1	-0.000199007307886023	0.0386608866886355	-5.90135376746638	-0.43140197655271	-0.0894553394039566	3.79064466500195e-06	4.74058766609456e-06
280	-1	1	0.00390166036424844	0.00907544891273027	-6.23735299033644	-0.420999613299101	-0.0655130696400477	7.87702114681537e-12	7.40485294514619e-12
281	1	1	0.00411566623741433	0.00667358742639834	-5.92446586691647	-0.321317392813633	-0.0345441125623314	0.0185119500999093	0.0174777787434875
282	-1	1	0.00242806528361339	0.00284666757429974	-6.39625088187732	-0.270539119648841	-0.0975603058175967	-2.42298442388331e-16	-1.97874549736767e-16
283	-1	1	-0.000186387728193904	-0.0438404831350727	6.26830201476946	-0.468271616845152	0.225078799049195	-0.934790493534044	-0.936964689771764
284	1	1	-0.000331323123402449	0.016222250201233	-7.94176082977818	0.163566611077774	-0.016785167292138	-4.37608103166978e-38	-1.14465245087669e-37
285	-1	1	0.000543219234494852	0.00557719406413248	6.51312079104001	-0.248873824965928	-0.100146098271251	-0.257146055957749	-0.268233164567412
286	1	1	0.0225328088506743	0.071484087096513	6.01054767862674	0.562786703405118	0.176374301465369	5.00927715554003e-11	4.4284047858685e-11
287	1	1	0.00175073673056103	0.0337987824450678	5.80825168815154	-0.265551647103255	0.0722712544644786	2.51381348252106e-10	2.44880757113819e-10
288	-1	1	-0.0534722850628343	-0.194547247009135	-6.31718462438353	-0.648103673902916	0.0612521638167554	-4.02675112226429e-05	-3.89292667026756e-05
289	-1	1	-0.0554170837741103	-0.11314434003314	-6.35011745264539	-0.0488943649175653	-0.224455406136375	-2.08244099962127e-26	-2.51952421993956e-26
290	-1	1	-4.82414363088823e-05	0.00869779155506656	-9.61790412555992	-0.0678675523416867	-0.101503317707936	-0.00770428569211399	-0.00756803007089973
291	1	1	-0.00239704142541142	0.0116438987315561	-5.58554963042307	0.0377245261436947	-0.21862870229524	0.085384022428389	0.0836683110744995
292	-1	1	-4.06874921949907e-05	-0.0402155279375211	-11.1743818042341	-0.0565739817681603	-0.0135059844234675	-0.0235774937988713	-0.0210763008572035
293	1	1	0.00196330170029257	0.0159615630575534	6.40178288491552	-0.15622063395687	0.00217210805271151	-0.00045503423737127	-0.000472850984089969
294	-1	1	-0.00692796341964663	-0.0554349856470875	-9.48084887518591	0.15603150818896	-0.36685438640486	2.69819017235063e-107	2.21972661036107e-107
295	1	1	-0.000408935862680981	0.00292265827010496	9.89609287406402	-0.239393064411365	0.00531929642636442	0.00140159055656219	0.00104834051548127
296	-1	1	-7.4071357657135e-05	-0.102962222711616	6.85592363119607	0.12309459120398	0.517316867772236	-6.59806576200825e-14	-7.65076512189362e-14
297	1	1	0.000452468811481199	-0.00241824498609944	-8.12395862749531	-0.030476735964033	0.0128607343066705	-2.84640214552271e-14	-2.00360789230766e-14
298	1	1	-0.00200354931162305	0.00347366970443375	-5.76599315775647	0.0470536827520434	-0.0322304185407845	-0.0559429604195213	-0.0608958464437995
299	1	1	0.0633521214636886	0.394633329536907	10.6669332146443	0.153895196559519	0.566769118750818	7.76608947264092e-16	5.07990379576114e-16
300	1	1	0.0605093641929759	0.172114950025703	6.86697352740204	0.0998241930314947	0.135460576796703	5.26773214084036e-29	4.16061530286554e-29
